room,level,num_players,num_mobs_killed,num_towers_killed,num_minibosses_killed,num_bosses_killed,num_clicks,num_abilities_activated,num_players_reaching_milestone_level,num_ability_items_activated,num_active_players,time_simulating,time_saving
45777,24666589,1500,141749,47403,12330,2054,36814406,4485046,1500,4525403,612,5.6655404987715,54.713845936443
46100,17673599,1500,36809,12309,3039,506,27077760,2201616,1500,2827451,1044,12.070198384465,109.09897543743
45776,15120099,1500,155979,52182,13833,2305,31924861,3959950,1500,3588285,577,4.5537588769061,67.707265098209
45947,13371489,1499,111253,37215,10008,1667,30768603,3077881,1500,2388722,488,4.4487686805365,82.725558447799
45931,13307289,1500,127045,42495,11070,1844,47230816,4090258,1500,2819645,799,3.7798608146935,81.82041695803
45779,12748089,1500,155968,52161,13678,2279,35951236,2779204,1499,2770575,408,3.5886376449251,94.676861706853
46120,11481199,1500,66022,22077,5868,977,32624193,1871484,1447,1933401,773,4.0973731013023,81.405917771349
45955,11244099,1500,148140,49545,12582,2096,27862345,1555580,1140,2015047,489,3.4289588892927,200.02304947797
45810,11242872,1500,147131,49221,13578,2263,39526850,3247032,1412,2343316,468,4.583510300863,57.911426241236
45811,10909281,1500,173616,58066,14904,2484,35301511,3177451,1500,2318886,476,7.7783910659991,39.444960969444
45778,7570099,1500,192267,64296,17160,2859,30527991,2877971,1500,1917722,341,18.150155124832,79.924767025721
45869,7155898,1500,80226,26824,6804,1134,29776689,1390573,1500,1334594,364,6.1641522579555,75.284396947851
45780,3606211,1500,205775,68816,17772,2962,26728609,2031796,1500,1202289,317,4.787857259887,80.1316248788
45814,2439189,1500,136682,45720,12294,2048,19376500,1292636,1120,730773,207,7.4632840082174,90.753130773684
45813,1517889,1500,105616,35316,8922,1486,15904564,552428,1500,461062,194,6.663541280055,90.310123964
46024,1486797,1255,48333,16164,3906,651,11477851,315046,1082,292366,185,3.0535800984701,117.16486249711
45812,1205556,1500,69438,23229,5880,980,15658502,504223,1099,359009,158,2.0250873617137,56.808318647997
45765,1172689,1500,162129,54231,14070,2344,15849034,688548,1207,502083,152,8.0230587300773,320.52480137983
45755,567679,1500,108721,36363,9000,1499,14266289,395823,1500,325927,132,3.4302793077577,245.41242991315
45761,481299,1499,125941,42123,10674,1778,13197836,494738,1198,307504,128,5.0459453451476,193.8018398826
45763,382479,1498,118774,39711,9966,1660,10780494,339849,997,259406,109,2.6008049576563,299.70023202447
45770,312766,1500,102705,34341,8478,1413,12055406,297488,1007,197864,114,2.9937849593327,211.9881439018
45762,292499,1500,99955,33432,8243,1373,10753535,341296,1093,208273,101,2.348233093255,237.85748966963
45764,254719,1499,84524,28269,7002,1166,11394045,253038,999,211146,97,3.3730833595782,238.88038240394
45756,221565,1500,111133,37163,9468,1578,10273453,322802,1420,282620,103,2.10434650447,292.81264380081
45760,139679,1500,61618,20607,4954,825,8667398,193715,1119,154949,100,7.2215520884014,203.64758169587
45660,129159,1500,156839,52455,12864,2143,7386310,306330,1107,314346,68,4.6665691819844,225.19416057801
45652,119899,1500,175575,58740,14193,2365,7026842,280834,1025,312752,83,2.2896810815261,246.53735437972
45634,115099,1498,174835,58494,14382,2396,6779712,281298,1044,300477,97,2.1532316405317,290.3799263332
45647,114867,1500,208828,69845,17010,2835,7250945,388600,1067,388261,93,3.2169432831808,303.47097386233
45655,87889,1500,207939,69534,16872,2811,8293102,372779,1081,385323,104,8.1609272510396,270.19740673328
45659,86060,1500,183672,61418,15264,2544,7299395,308702,1139,333908,92,2.14245368171,294.86026110282
45633,79499,1500,156780,52440,12585,2097,6817004,254564,1060,284475,81,2.8481605856756,220.73277836662
45650,75859,1500,135101,45189,11058,1842,6777356,228839,1011,272716,91,3.6990037628954,257.96664503351
45640,73564,1500,152973,51152,12606,2101,6853790,267217,1016,262275,93,12.683557149432,245.43494906324
45632,72999,1500,215632,72117,17262,2876,5109499,377778,1456,437917,105,8.1247382086562,136.93495384892
45639,71372,1500,141690,47399,11400,1900,6172115,245108,1036,277201,65,8.2513238883674,241.88742948336
45661,66069,1500,108914,36423,9060,1509,6898474,188068,1006,211163,88,4.384158085362,205.0641813628
45630,65899,1500,266331,89094,20951,3491,5401071,429957,1446,488856,88,4.3173081151891,290.80089297778
45685,65298,1394,41930,14023,3420,570,6538903,79681,988,108566,111,1.3125717504335,156.86370045349
45631,64391,1499,265977,88960,20880,3480,4966084,420499,1500,486377,88,4.1201879327349,211.80740551204
45654,63775,1500,98020,32783,7962,1327,5816528,181066,1059,206034,88,2.7142266319936,214.85678012083
45657,57099,1499,145037,48498,11567,1927,6845869,228422,1029,251500,86,2.8873345672467,218.05654142811
45695,53169,1329,16634,5565,1437,239,6213295,36647,988,81431,92,1.8337140332467,112.54749449485
45658,52779,1500,108071,36135,8874,1478,6850196,177584,1030,218708,66,6.4237736276076,224.1302343919
45664,52547,1500,66328,22184,5568,928,5950309,113707,1040,178059,85,7.8918799261319,158.36938744737
45644,49780,1499,102958,34431,8514,1419,5925831,158785,1017,210493,96,2.1759719005501,260.60066786344
45643,49098,1500,127587,42666,10434,1739,6029751,177239,1016,221079,90,4.5602637140815,212.37664324205
45758,48150,1397,22971,7680,1914,319,6518000,72567,1024,78433,72,9.5866340475991,150.30247146744
45642,47569,1499,107860,36072,8523,1420,5773840,176318,992,187286,69,1.700898927059,198.98345290419
45638,45139,1500,119041,39810,9678,1612,5678760,210359,1016,217475,84,3.744128193881,219.92987427353
45662,45090,1500,132416,44286,10512,1752,6412196,184863,1021,244233,68,3.0735995518923,191.60363180384
45781,44369,1109,19275,6447,1563,260,6600367,42208,975,54041,84,20.948087175854,99.508667213172
45665,43683,1498,131466,43976,10674,1779,7424934,186819,1021,231000,72,3.39874764067,203.39336011605
45641,42160,1500,74469,24905,6438,1073,5969033,163543,1022,188600,85,5.7012438698689,181.83611672921
45646,42055,1500,96382,32238,7998,1333,5834858,145905,1023,208149,81,1.907900773671,243.27103031938
45649,36562,1500,77800,26027,6306,1051,5528451,133278,1051,172184,72,12.707479113215,193.83714328171
45637,36507,1500,123816,41423,9912,1652,6422153,199531,1072,228299,73,9.7178707305101,226.52999762328
45635,35086,1500,105992,35449,8616,1436,6380930,150142,1041,209847,59,3.7555710700145,214.69614644062
45663,34839,1500,90496,30258,7470,1244,4990955,162638,1036,185633,62,3.9729953633878,186.1550663694
45645,33196,1500,72339,24189,5826,971,4865797,130064,1029,182349,66,2.6376152200548,174.75395786212
45653,32586,1440,71125,23780,5844,974,6405842,100075,1020,149709,85,2.0620079398512,161.78440191421
45648,29226,1500,84459,28241,6966,1161,4345165,133327,1042,186541,70,2.3562920007003,196.70035644633
46086,28783,1136,4662,1556,414,69,4932420,14188,1030,17798,67,3.3682351424096,63.237994476829
45675,26259,1361,41606,13911,3324,553,6714855,67264,988,107164,100,3.2713427968268,147.86522971272
45667,24329,1309,35619,11910,2974,495,5541057,47251,1002,103371,66,3.4118670554168,109.62294128853
45656,23896,1444,85824,28705,6696,1116,4583929,131342,1025,168568,61,6.961477570822,176.02729251719
45636,21799,1341,58063,19419,4548,757,5633950,93473,1042,139686,57,6.5583849876497,139.15912534968
45651,21089,1359,47701,15954,3570,594,5010901,90141,1028,130943,87,6.6748368824295,116.08586724421
45740,20585,1280,22699,7589,1830,305,4427370,40620,1142,66906,45,5.8847874179078,121.19773989247
45757,19999,1209,17662,5907,1410,235,4723829,32836,1041,60299,40,16.339333481761,98.835137307173
45692,19759,1318,15598,5217,1188,198,4348101,26828,1059,59138,69,5.3516717688169,97.115221393414
45759,19576,1146,12612,4219,966,161,3850853,26963,1025,57517,39,4.0224961574397,64.019456408018
45677,17169,1335,32466,10857,2688,447,4905555,63856,1007,108928,64,4.9694611328784,128.93359893166
45775,16241,1117,16190,5414,1302,217,4010381,21936,933,43877,36,6.3364104863405,67.44345434454
45694,14789,1283,31718,10605,2586,430,3785685,59352,990,88471,63,2.96485556064,143.84855294348
45726,14739,1292,22987,7686,1763,294,4761247,42954,985,66436,76,3.8346499464755,113.12720916525
45666,13989,1321,24151,8073,1900,317,5627629,39747,1014,79272,54,6.8162123933279,99.363610851285
45668,13699,1362,25227,8433,2028,337,4787705,44187,1001,90737,64,14.109151050588,69.679066862519
45709,12666,1281,27191,9090,2178,363,4013601,52814,989,70207,53,4.8373049514774,104.25956901943
45672,12544,1323,33498,11210,2682,447,4066055,53124,988,94930,49,1.5541614246818,117.84268045008
45674,12489,1358,35498,11880,2776,462,5318115,47389,1026,99148,66,7.2573626636076,116.53294117381
45671,12377,1401,41435,13862,3162,527,5514968,52645,997,95518,65,2.3741703276718,141.16767584849
45711,12189,1159,24126,8067,1965,327,4565592,28871,981,66088,50,4.555800609835,99.766631398321
45673,11780,1422,33484,11201,2676,446,4665946,62695,1017,99249,59,2.8286816687728,133.39324442736
45669,11732,1368,33084,11064,2604,434,4801979,51426,1007,98588,68,2.6926269779842,152.58209872465
45686,11180,1233,21989,7352,1740,290,4915929,29541,982,75599,52,4.9629909256784,93.636208215533
45714,11099,1212,28737,9612,2227,372,5079351,40084,970,75079,45,2.2109154886369,105.16876901262
45678,10963,1116,21313,7128,1680,280,5104841,29364,972,58367,56,3.477900558085,84.874671383883
45701,10959,1166,18481,6183,1482,247,4154009,20892,963,63239,50,6.7962577119371,104.44581947112
45698,10667,1205,15946,5330,1320,220,3782523,20816,985,58433,40,3.2632700910739,87.295382332837
45670,10499,1251,31039,10383,2395,399,4718900,46571,997,85915,65,4.2316904527094,104.66252447936
45681,10499,1248,21380,7149,1684,280,4491619,28734,993,67764,60,1.9629094056859,101.57016765402
45697,10251,1230,18011,6023,1542,257,3702919,26817,986,58205,57,6.0128871563399,88.051196732054
45720,9789,1198,20253,6774,1647,275,4643739,22275,980,55391,53,7.6681197132727,93.183649393134
46208,9389,1082,3422,1143,242,40,3484529,20426,1042,18886,70,13.395051465752,78.808402726581
45682,9299,1417,31018,10374,2410,402,5142955,39415,1005,78763,53,4.0704909197224,124.12199194509
45723,9198,1186,15116,5048,1146,191,4604847,16943,983,44107,52,2.3055510695076,83.962759336525
45737,9068,1172,11878,3971,984,164,3836941,12549,997,38908,54,1.5306652226714,77.060043251117
45839,8958,1084,9184,3072,810,135,3752005,11245,969,29796,51,1.1751155957131,76.201628946774
45799,8817,1137,10555,3528,810,135,3485599,22993,984,38272,59,1.7981073443599,106.14153530219
45699,8799,1205,20303,6792,1580,263,5030553,25191,983,53536,57,5.3093754286714,76.988093102182
45693,8699,1216,23491,7854,1970,329,4448878,42350,997,68965,65,1.9143188044516,107.68630853917
45713,8599,1200,11646,3897,987,165,3822768,20548,993,46351,51,6.0950050448542,79.814780139779
45725,8468,1164,10490,3504,894,149,3816401,15437,981,42361,43,1.9862155543574,90.938813496759
45696,8232,1218,18513,6191,1350,225,4089236,25330,1001,58687,36,5.2414467031037,87.721897627091
45749,7849,1266,13164,4404,1022,170,4036001,21416,974,48739,58,3.9074932086324,88.34033135572
45774,7789,1090,10308,3447,809,134,3730191,20043,953,37693,39,2.5515147876879,71.478099240737
45700,7771,1272,19473,6509,1608,268,3879207,25774,978,67163,42,2.0511598679637,93.121241074668
45815,7751,1139,13051,4366,1026,171,3878669,15680,1022,37823,44,3.9387086500155,91.077993985997
45676,7583,1237,19911,6656,1548,258,3947498,35147,973,67382,54,5.1510865973084,99.543561737158
45683,7467,1230,24546,8207,2046,341,5198239,32020,984,67379,48,2.6785879465516,100.57050070793
45707,7379,1231,19266,6441,1638,272,4357105,23158,976,61362,47,8.5932236902103,101.60229234947
45687,7274,1311,19275,6448,1542,257,4404909,34219,983,62464,50,2.1964251849063,104.18393088327
45977,7269,1041,11008,3678,759,127,2142338,40554,963,29312,19,2.1440244533392,87.964505167988
45717,7074,1212,13688,4575,1080,180,3959840,16588,986,49681,46,2.743973194926,88.376044302828
45689,6975,1226,17110,5720,1350,225,4580336,24332,984,62831,58,1.3249132310996,84.743862521239
45684,6969,1194,15508,5184,1119,186,3221610,26814,1001,74271,43,6.3553915090226,88.836472811058
45870,6948,1159,6603,2209,564,94,3733770,9959,1044,27159,33,1.2602608786485,77.653556379473
45741,6799,1131,13127,4389,1020,171,3135062,24542,992,52567,29,3.5149038793505,105.76711486104
45680,6779,1264,27263,9117,2166,360,5213058,28841,992,73030,67,2.9633511139453,92.505701133051
46022,6744,1105,8420,2814,678,113,4544898,16680,1010,19559,55,6.7378608728675,81.236159669317
45703,6666,1236,14081,4712,1140,190,4026759,24270,1004,52017,39,9.7690166240501,76.55435164156
45690,6398,1221,13058,4371,1044,174,4221132,18296,983,54024,46,2.9209574634948,74.989115575821
45821,6369,1109,10979,3672,894,149,3151462,11756,981,38053,37,2.4629959910496,97.225368230017
45981,6275,1072,6972,2329,564,94,2203559,8080,982,18129,42,2.72243690754,77.153976660126
45733,6079,1178,14483,4845,1138,189,4210733,14282,975,40073,50,2.8435450235596,80.643582218526
45800,6068,1118,12478,4176,978,163,3339688,13145,971,41684,37,5.6880854488525,86.109809435255
45691,5999,1204,23810,7962,1812,302,4336882,30668,990,64438,55,1.8422398544076,115.80312472764
45838,5949,1099,9372,3132,808,135,3132948,11748,977,37853,45,3.4552902681749,83.397608326331
45807,5869,1114,7916,2646,662,111,3150155,10343,967,33484,33,2.8664743579472,77.105160521352
45817,5799,1124,10128,3384,745,124,3400043,9703,977,35705,33,2.0768528474755,87.003070889357
45746,5789,1195,14324,4788,1167,194,4744501,15482,983,37620,38,1.9086961198437,80.501839041755
45750,5729,1127,11299,3780,834,139,3731380,17664,970,45518,46,2.1996021875301,76.494593285816
45767,5692,1123,11111,3714,930,155,3725511,12888,966,41812,42,1.6796780687728,90.166494133692
45731,5499,1185,16434,5496,1398,233,3737453,21883,976,51786,42,18.419051681697,84.510011289533
45702,5429,1178,15456,5166,1208,201,3756284,17781,973,55530,44,2.3751837056023,85.711012639592
45808,5369,1044,6357,2121,474,79,2676968,6954,955,29661,51,2.5648943032308,54.105175663542
45688,5359,1205,18292,6114,1395,232,4080607,37730,975,72205,59,4.0436490226827,94.912629004682
45939,4939,1061,3799,1260,319,53,2274881,5466,983,15594,28,12.743605589938,60.710437393903
45793,4926,1086,9622,3212,762,127,3378041,10809,983,28468,44,14.106740214522,69.373520724377
46092,4899,1066,5370,1788,404,67,3135801,15607,987,21482,55,5.3817594475254,104.13148899168
45743,4874,1204,13008,4350,1050,175,3224676,19520,1001,48429,35,1.6771484582225,95.452875551871
45716,4802,1177,12666,4235,1074,179,3351827,14510,970,47416,45,6.1497445251256,102.73456012428
45729,4761,1098,8615,2879,666,111,3712687,11348,980,36094,42,5.9492995873323,72.276352374561
45738,4699,1173,14467,4842,1136,189,3469318,15361,987,47439,51,2.4071629664806,80.524272975517
45788,4622,1093,9581,3205,768,128,3398691,11037,974,29472,41,1.9448470661043,71.142852186255
45736,4490,1173,11760,3931,888,148,4017779,17579,972,43217,68,4.9910137517479,69.078904099606
45837,4481,1102,11190,3741,864,144,3895215,14880,974,33893,50,3.4764169200042,84.919960529498
45802,4279,1112,7068,2358,564,94,4967719,9419,972,24095,59,2.1210901721685,70.641440859444
45718,4273,1130,10630,3554,810,135,4015449,15168,1029,43963,35,10.01238782488,84.60800088908
45771,4270,1107,6869,2296,582,97,3297742,11261,960,34918,36,14.252052363729,65.230142959566
45860,4267,1089,7375,2467,660,110,3085069,9164,985,29318,43,10.358365900332,76.007478601257
45857,4158,1069,7539,2520,786,131,3125511,13757,961,27247,29,2.6479756481957,56.371944627496
46197,4109,1028,2849,951,253,42,2463712,5848,1012,12125,45,1.0367029866962,81.544180071402
45766,4095,1181,13049,4364,1014,169,3666477,12220,991,34355,48,2.1832606674711,74.575790124134
45745,4066,1173,12002,4017,918,153,3880219,12134,980,41120,35,20.881790029852,116.13425375714
45730,4059,1164,13165,4404,1118,186,3889012,19153,990,45508,48,17.933110633478,84.79578397306
45706,4049,1100,10183,3405,839,139,3406228,16323,976,46824,35,3.4890848920769,79.177623623475
45739,4031,1160,13854,4630,1026,171,3475778,12902,983,43656,36,6.0956738133129,83.137572536713
46279,4009,1002,1419,474,128,22,1469030,2473,996,9284,79,5.6930069163802,51.998300654632
45732,3940,1121,8133,2715,654,109,2917868,11743,985,38058,27,2.361650105904,74.71759370503
45772,3826,1080,10240,3421,876,146,3037342,12688,950,37162,40,3.9981660001788,73.784286470971
46128,3787,1032,1742,573,180,30,2053046,4034,1002,10061,26,5.6685214945345,43.84407254159
45679,3749,1150,13282,4443,992,165,3280336,16960,957,54665,36,1.8566005979266,89.584267935157
45854,3629,1077,9229,3087,753,126,2858401,9759,946,27565,37,4.0247119693425,73.39594502667
45804,3545,1084,7274,2430,660,110,3221981,10280,959,33133,29,3.3761735776513,54.782851844439
45724,3369,1075,8417,2814,673,112,3130884,6410,975,29909,32,3.0033431455845,58.089139961133
46018,3328,1054,3926,1310,276,46,2494679,4083,991,14480,23,6.441902893198,60.111583880076
45829,3314,1062,10386,3474,762,127,2542296,11546,954,36794,41,13.691721318547,117.58653211711
45719,3303,1131,14226,4758,1122,187,3745114,10472,975,40453,35,2.0769533241376,75.050574572993
45704,3299,1148,9934,3321,777,129,3430976,9354,979,37798,37,3.1646890331297,44.491425859573
45721,3275,1204,12748,4259,1020,170,3948646,11893,984,42883,35,14.471584099673,96.56157411435
45768,3250,1084,11651,3899,978,163,3431139,14217,949,38073,37,2.447208160142,83.063336099288
45705,3197,1156,10714,3582,906,151,4310442,14215,1013,44795,44,3.2037771143386,64.725366705414
45913,3166,1066,3841,1275,396,66,2396401,5745,993,21125,33,1.9714833131846,67.792590934958
45835,3143,1084,8978,3002,720,120,2908685,9660,969,27085,19,4.1121435534259,74.882513870222
45878,3103,1080,3861,1274,270,45,2338659,5567,977,22893,27,4.1891106386695,56.021083684049
45935,3089,1052,7110,2376,555,92,3489556,10364,972,21054,45,5.2954298591183,88.034000762225
45999,3059,1070,1899,612,180,30,2067734,4262,1010,14645,20,4.5782581079696,49.015028972003
45769,3048,1057,7614,2546,636,106,2964548,8056,965,31222,21,3.0999847732487,61.161882322631
45747,3019,1098,8809,2946,715,119,3030177,10785,985,35839,29,4.0881293061536,74.9117632785
45754,2989,1134,9371,3132,753,125,3613154,13966,975,39303,61,10.042995453529,75.669285636381
45708,2989,1114,10331,3453,847,141,3741720,12087,981,41594,48,4.7213513606294,72.050865089521
45734,2940,1113,10820,3617,864,144,3375256,11397,969,35841,54,1.8421905814593,67.774817114642
46200,2881,1024,2074,687,252,42,1834707,5089,996,10348,48,2.5526156923968,58.391059900522
45852,2859,1049,9382,3138,775,129,2434655,16660,964,39917,47,5.1818804953109,132.13940849167
45850,2849,1045,8445,2823,708,118,2810989,7149,977,27453,41,13.788086259358,83.927468197388
45712,2849,1105,9715,3246,830,139,3546317,8447,958,39930,34,3.2811554463096,66.964902854016
45727,2793,1141,8185,2729,660,110,2698030,12749,969,46704,33,8.1816091324516,95.87707209949
45773,2778,1048,7517,2514,606,101,2577448,7916,971,29893,23,4.1963328200183,64.090373984986
45943,2776,1025,1489,484,126,21,1868470,2840,986,13073,23,2.4044385180636,51.189579759921
45863,2759,1078,6890,2301,577,96,3306466,6817,984,19938,39,1.9885624338873,78.152084130437
45742,2669,1082,9986,3336,810,135,2712825,8135,958,31086,33,4.2458169278786,81.307716192605
45789,2639,1094,10078,3372,740,123,3667526,9550,978,31828,43,4.1008804314156,70.747086225244
45794,2599,1087,10816,3621,849,142,3333620,9807,974,31259,33,4.7359576925688,83.320246706469
46069,2599,1069,2173,717,187,31,2790619,3120,1017,13175,29,3.0315815122713,61.611018401474
45786,2589,1095,5197,1725,443,74,2746572,6946,983,25966,28,4.3680456287815,64.491235939306
45752,2579,1057,11399,3813,915,152,2934210,11085,975,31972,39,2.4757297602407,87.228162811407
45715,2565,1074,8341,2791,660,110,3343623,6908,975,32901,31,4.6845293445562,45.708822973291
45728,2489,1090,10800,3612,889,148,3638003,7775,979,32911,46,1.2876152880034,68.341253874702
45942,2483,1060,4086,1360,348,58,2623286,4353,990,24551,27,2.4733737839653,60.831548451597
45751,2479,1027,5875,1956,483,80,2982165,7053,969,31990,33,2.8063694225376,65.458981874032
45828,2479,1079,8455,2829,649,108,3460956,15320,965,34681,34,2.0632547743465,81.907392532197
45748,2467,1110,8256,2760,702,117,3780310,8655,971,36544,41,2.2529638056798,60.970199763901
45853,2466,1062,7872,2633,624,104,2769348,7612,978,28860,32,8.3088261385933,68.06091340196
45858,2444,1043,5517,1837,468,78,2267597,8729,939,25724,35,5.495794491244,61.872786607553
45845,2419,1092,8792,2937,705,117,2876882,10306,983,33175,30,4.7737786351431,72.656858576569
45801,2378,1053,6021,2012,480,80,3215771,5320,959,20436,42,3.0693954320467,66.443007601302
46219,2347,1015,2831,946,240,40,1807875,6070,989,16980,39,2.6273759142293,93.099292092966
45784,2328,1066,7449,2490,630,105,3231789,6889,982,24962,32,6.2641074082567,53.098174922863
45965,2310,1065,4191,1395,438,73,2678634,7330,992,16923,32,4.3931491583034,63.090289918626
45836,2289,1081,9478,3171,757,126,3414124,9717,978,31323,24,4.3377351706736,81.874454410198
45790,2256,1076,4759,1578,378,63,2832926,5870,993,23408,44,2.9480628198346,60.720579059036
45893,2256,1076,4613,1536,330,55,2252883,10614,990,23108,28,13.117470777415,65.836176031191
45972,2173,1068,3839,1278,336,56,3573943,3817,992,13705,45,3.5969996435282,64.627114729802
45722,2150,1130,6051,2009,540,90,2485732,11013,981,38085,36,9.5785821825224,81.328531665567
45735,2079,1093,5534,1842,432,72,2615878,6589,1009,24116,27,4.4976567332059,65.705630223462
45816,2034,1082,3805,1251,384,64,2388971,5138,974,20924,38,1.3352527813532,76.923135769346
45805,1999,1046,6610,2208,534,90,3269551,6939,951,23599,38,5.0018306678565,63.824780418092
45796,1994,1099,7550,2520,552,92,2691051,8736,972,29285,32,2.0349165127214,60.375767814595
45710,1991,1129,7570,2527,642,107,3046131,7097,982,33359,35,3.5337245591105,75.147302730784
45864,1967,1078,7138,2387,606,101,2644740,7879,981,29198,41,6.5245049873273,84.102073982537
45990,1966,1028,3311,1098,246,41,1695806,1964,977,13864,35,1.8858053222446,63.123842942338
45859,1957,1109,6177,2061,570,95,3306580,9408,974,27296,25,4.6481716428625,62.590569697701
45806,1955,1038,8735,2919,666,111,2806491,6975,954,25754,44,3.0116324787264,75.207847726647
45842,1954,1112,6245,2076,558,93,2436617,6964,977,32247,35,2.2324280773218,77.980608340739
45937,1950,1022,4672,1556,384,64,2445775,4632,973,16934,29,5.2211078396174,53.114661060513
45795,1949,1103,6041,2013,468,78,2703715,5747,969,24883,34,2.333913499186,63.374933319555
45868,1888,1106,6276,2097,498,83,3638740,6436,980,21342,34,5.1802337314564,59.610376573366
45797,1821,1117,6337,2117,516,86,2568057,5273,977,29122,49,3.2337931180966,75.92512837037
45902,1797,1081,6680,2225,546,91,2578260,7875,988,22858,28,19.23125254926,74.238828057768
45875,1796,1073,4852,1608,426,71,2781504,4650,986,20570,25,5.5476035860693,62.873355164472
46042,1791,1071,4438,1482,348,58,2723966,4891,1011,18115,41,2.0840435861936,58.125033282388
45819,1789,1118,4229,1401,334,56,2197607,6108,980,28848,28,3.2967954534833,72.472133846965
45936,1787,1039,5111,1701,426,71,2344606,8005,965,24813,28,5.2135859642017,73.415531162081
45889,1784,1128,3989,1317,336,56,1916902,4417,1000,18961,18,4.568204951416,66.23930315155
45933,1783,1045,6683,2232,492,82,3043781,6196,972,23268,29,4.5369853027815,67.153677836522
45900,1779,1061,4840,1614,396,66,2469409,4948,978,20464,32,2.0310034749812,68.552819913619
45894,1777,1066,5677,1898,438,73,2943982,7974,971,20363,39,3.0112038929123,71.299053204553
45791,1773,1091,6438,2143,510,85,2219456,7501,982,30392,36,3.9944891433988,74.908054676254
45881,1767,1089,6679,2228,522,87,2487498,6649,992,25491,20,4.7888605909909,67.148930364564
45901,1752,1098,4612,1539,354,59,2081304,4495,999,20874,51,3.3078701543158,63.595925757872
45921,1749,1057,5932,1983,432,72,2198462,5295,989,22402,37,4.487543888692,86.448967587743
45916,1748,1055,4322,1439,324,54,2082417,6093,977,19780,27,3.4297395185503,48.387227489849
46098,1743,1024,4001,1329,318,53,1628228,7013,986,21489,22,3.8455039096185,71.376594464219
46118,1721,1002,1823,599,162,27,1889408,2985,980,10755,32,22.09601729091,48.317034570065
46102,1717,999,2410,800,204,34,1625777,3808,965,15892,25,4.7602026329616,77.760480421212
45798,1712,1061,5126,1703,384,64,2867529,5069,964,26780,33,2.8503862928177,67.965850194608
45841,1709,1081,5279,1758,456,75,2212481,6796,980,28624,28,5.296213701381,73.080158476617
45825,1702,1052,4995,1661,420,70,2276529,4820,960,23517,23,2.0678125381024,57.030321850911
45960,1685,1039,3145,1039,294,49,1758720,5030,974,19915,25,3.441820463158,67.421527048132
45753,1669,1067,4740,1560,420,70,2385701,6401,983,27888,39,3.9053920568245,62.648040482529
45785,1667,1107,4907,1629,372,62,2467155,4864,985,27078,30,4.0905781859005,63.754931650964
45954,1642,1017,6145,2053,522,87,2364910,4380,970,19962,32,5.123322394213,57.015492806305
45849,1639,1062,6981,2331,551,91,2677839,4420,982,20800,24,3.4370907918822,93.80669834963
45827,1599,1086,6553,2190,505,85,2879754,5434,992,25665,33,2.0361569163617,63.868828029713
45871,1582,1068,3830,1275,342,57,2199400,3520,980,18204,27,2.747986336236,71.803890709575
45984,1576,1023,1988,644,138,23,2124511,2882,986,14596,20,7.139611851075,47.632585624193
46006,1572,1021,1502,492,120,20,1647385,2839,982,14449,11,1.4102851456771,43.99620816099
45988,1562,1045,3835,1266,330,55,2040500,12896,983,16933,31,2.9292687638703,52.975179768441
45929,1543,1037,3268,1078,240,40,1630315,2435,982,14880,23,4.0136041258044,64.411244397679
45818,1529,1039,7432,2484,600,100,3300743,4954,970,22708,31,2.6192480817241,74.845850047655
45840,1529,1117,6358,2121,480,81,3010780,9037,991,25013,34,3.5798786541788,70.231382023978
45890,1509,1085,4266,1410,377,63,1991532,6949,996,21369,18,6.2223904281533,63.387355759849
45949,1507,1036,3608,1201,288,48,2392973,3360,976,16143,17,2.7106932669071,51.214391397809
45803,1484,1110,4432,1457,312,52,2072862,5108,972,28732,39,16.95946870521,71.004595794327
45991,1479,1054,4746,1581,427,71,2702114,4325,993,18609,27,2.5678550941742,59.204151251216
45974,1462,1036,3449,1142,270,45,1960430,2952,987,15007,19,4.4637145621784,68.186922391276
46106,1459,992,2428,798,165,28,1645243,3123,976,12568,41,1.4851923126782,60.508743917396
45946,1454,1048,5244,1750,444,74,2886859,3445,987,13932,30,2.0047214359719,56.541423339971
45856,1449,1006,5600,1872,443,73,2570805,3473,968,18891,23,4.2423608943228,49.273446305928
46099,1429,1005,3846,1284,324,54,2145480,3883,977,13139,26,1.1539054404547,69.304185738556
46145,1422,1025,1972,654,156,26,1336463,3606,989,15057,26,14.277375698033,74.90998634439
45865,1419,1054,4768,1593,401,66,3310878,5276,979,22477,36,2.3986768836586,61.505540960747
46164,1411,1006,2299,762,216,36,2402252,3615,996,10249,38,25.27481097764,42.890054130106
45820,1386,1031,5811,1934,438,73,1966467,4831,982,24585,25,3.125011261305,67.718493467471
45899,1384,1061,2685,870,180,30,1661805,2846,968,15249,19,5.1282405570486,60.732431318931
45831,1382,1053,4001,1327,360,60,2690881,4101,965,18011,33,1.8164321861333,56.54123835323
45978,1379,1065,4352,1452,348,58,2919219,4498,989,19310,28,3.4885844766735,75.43075170005
45879,1376,1082,4168,1382,336,56,2700153,4377,993,19207,41,4.9092057200041,64.379083210563
45866,1362,1085,5804,1939,474,79,3498823,3605,984,18864,34,2.5359539647083,62.056101194958
46284,1362,988,848,285,42,7,1006540,2574,991,6496,60,3.3585809299162,62.702669091239
45809,1355,1034,5786,1933,456,76,3317442,4461,952,19323,29,3.1249909800485,55.750316541761
45847,1348,1078,4003,1319,336,56,2484646,3994,988,22341,25,4.8978472121821,51.351136928386
45956,1347,1003,2730,897,228,38,2136100,1909,977,13063,24,3.9424196138695,42.049308359022
45855,1339,1012,5490,1833,429,72,3246622,3048,970,17994,29,5.3171404262196,49.133163212574
46171,1294,1048,2611,870,222,37,2392537,2791,992,10831,52,1.631827052843,77.89442063615
45940,1289,1054,3660,1212,288,48,2182706,4623,987,16582,37,4.002260197694,49.772520521092
46067,1288,1010,1455,462,96,16,1372980,1679,988,12087,20,3.0662988471589,53.04844316084
45830,1279,1089,5972,1995,454,75,2590462,5593,975,24667,53,1.921492565571,65.989758764032
46280,1275,1004,1139,380,114,19,885876,3664,1006,10346,47,11.615839555014,53.797289426999
45861,1274,1036,5788,1930,492,82,3340958,3812,976,20341,28,2.2384945959358,54.441027152015
45833,1272,994,6352,2117,504,84,2588846,4681,959,22362,28,1.234126395638,54.070438218606
45844,1260,998,4135,1370,306,51,3050118,3363,966,18391,27,2.4820322652668,55.824650654554
45874,1259,1048,4569,1524,374,62,2471185,2730,991,16430,30,3.8619946366801,51.256779417671
45963,1257,1039,2778,913,180,30,2528664,2661,990,12310,24,8.425384754762,46.585698051079
45782,1239,1014,5473,1827,467,78,3064534,4565,960,22932,40,2.033566418396,61.769606527648
46084,1234,1004,3477,1159,312,52,1750016,4709,984,14131,35,4.8572616337326,68.223345448202
46059,1233,1015,2713,898,258,43,2213989,3573,990,14187,34,4.0467764212684,45.116122975935
46198,1199,991,3110,1038,223,38,1545554,6784,987,13538,33,1.5369898034106,74.126377607839
45884,1199,1051,3222,1062,294,49,2200890,5273,983,20123,26,0.97440782924099,86.662706623153
45851,1188,1036,5536,1838,408,68,2428272,6388,972,24819,23,4.7221561183021,69.294059035518
46132,1184,1031,1798,590,138,23,1532107,3065,998,12108,27,3.0261329585922,64.071674826194
46031,1174,1011,2236,741,156,26,1619662,3568,988,20124,22,5.3494134805353,83.222506700045
46060,1167,995,3127,1040,276,46,1937266,4566,982,13801,20,4.4618969020658,59.192254994464
46186,1165,1001,4268,1427,360,60,1691771,7280,989,14641,34,2.6905760885497,59.967963339272
46179,1163,1008,1939,643,138,23,1280640,4040,990,12865,33,6.0890057484969,63.753193782341
46105,1162,1032,2726,903,258,43,1585421,5168,989,13955,28,1.5972745616142,62.962272617181
45917,1130,1031,2967,977,276,46,2318346,2376,994,14311,29,4.8242459960792,54.574505920366
45744,1121,1066,4190,1369,336,56,2354710,5261,997,24398,40,6.8891321336204,56.635461055621
45971,1114,1044,3325,1100,276,46,2101993,3056,982,17268,25,3.7146434209578,66.73466225189
46225,1114,984,1417,470,96,16,1343931,1603,987,11225,30,18.89322918067,47.616767436364
45945,1114,1041,3306,1090,294,49,2725276,3263,996,15162,20,3.2677038558557,59.479587229894
46027,1105,1041,2770,911,228,38,2066106,3321,1002,17153,34,1.4352954315541,72.538944568775
46229,1099,1005,2390,798,198,33,1422952,4425,993,14360,54,3.8362594047438,84.688450890008
45925,1095,1033,4756,1589,378,63,2469402,3090,988,16260,30,1.6965711114496,65.154378693468
46058,1095,980,2335,771,204,34,1905980,2837,968,12043,30,1.3735252347697,47.104455212256
45824,1091,1001,5395,1800,408,68,2399023,3720,966,21351,22,5.5942292102893,54.157755914076
46049,1087,1037,3290,1086,330,55,1782303,5394,988,17492,24,5.6115193829633,57.031629683314
46039,1087,996,1797,589,144,24,1832930,2484,980,12451,21,1.2400541038803,63.310531197675
45823,1085,1009,3315,1080,288,48,2234170,3258,936,17612,14,4.021845743657,58.285330512529
46201,1083,1020,1516,493,138,23,1543017,2317,1000,9760,23,7.9762080749535,42.888946155952
45877,1082,1053,3901,1290,324,54,1825918,4058,991,21916,32,4.7333545700044,66.683059790216
45995,1079,1023,3467,1152,252,42,1635186,2001,991,14492,19,8.0583223757085,69.872824505348
45783,1079,1039,4112,1359,322,53,2138109,3980,981,18881,36,3.0093501490872,48.307877646142
46175,1069,1000,2273,756,192,32,1353383,3175,991,12103,27,5.472179403281,58.242260847842
45994,1049,1029,2419,792,222,37,2350394,2392,991,11688,25,7.7832630127713,59.37044083244
46083,1037,1028,1689,544,150,25,1448489,1664,988,10871,18,5.2341083525772,45.663741136687
45944,1036,989,3339,1104,282,47,2361293,2019,960,12520,39,1.5592905240453,55.58873732541
45996,1034,1012,2198,726,174,29,1442911,4238,990,18059,18,1.1809031895323,55.960395135898
45958,1030,1018,2219,708,180,30,1527209,3686,981,12672,23,18.117326009005,66.011540342931
46205,1029,996,2115,705,187,31,1514138,4005,989,11842,49,2.5446042424933,55.636366115576
46015,1027,1023,1703,555,96,16,1872705,1815,998,10574,26,1.6165766377347,63.279965426955
45898,1003,1055,4218,1401,324,54,2551483,2867,981,14393,37,5.3527027805654,52.1893239382
45986,992,1036,2661,879,258,43,2083821,5192,989,14969,36,3.8790155535653,54.517520752601
45932,981,1056,1879,613,168,28,1421131,1677,978,12099,24,4.469493908703,49.143229196213
45920,974,1045,2157,704,198,33,1572871,2456,987,14055,32,5.41727286642,67.262473986204
46115,949,1001,2465,816,210,35,1945399,2782,972,9779,21,2.7313676560804,37.988504293545
45846,939,1004,2760,894,215,36,2168291,2932,971,18171,22,5.6856500946799,85.988525692736
46065,930,1007,1890,612,180,30,1829315,3397,997,9058,25,1.1347470706319,54.948449364615
45957,929,1031,1505,489,110,19,1492168,1871,979,11674,28,3.1924054936046,55.559947701004
45951,929,1018,4882,1626,390,65,2959673,3371,982,15445,33,3.0961860178143,48.067473777541
46009,927,1017,2256,732,186,31,1631092,3259,994,12238,21,6.932713033755,55.435390255191
46072,923,1021,1435,465,114,19,1623221,1797,997,9718,17,2.255736975743,46.455918492886
45962,919,1047,2781,918,210,35,1816228,2561,991,15669,29,2.7514544837843,58.793906949101
46188,911,998,2344,776,204,34,1629523,3223,992,15865,31,3.4568109532951,55.922999298592
46087,895,988,1587,516,120,20,1469954,1320,967,9575,16,1.6886062217304,46.694595584745
45886,894,1045,3293,1085,258,43,2555363,3199,991,12635,29,19.579876517709,67.351003703513
46111,889,992,2782,924,204,34,1969785,4143,981,10994,41,2.1495965645149,74.353082450803
45909,879,1046,3516,1170,283,47,2756684,2619,989,13026,24,4.7481449720064,67.767165382995
46080,877,986,3244,1074,228,38,1837520,3583,977,16262,24,2.4221795648739,61.069254657785
46124,876,1026,1856,611,174,29,1415117,2345,1000,12190,42,37.373378840716,84.429058491686
45832,869,1014,4105,1359,269,45,2067082,4010,974,20034,28,2.6287913335293,42.259839289731
46023,866,1023,1634,538,162,27,1541723,2576,993,11538,25,2.468306930551,58.379360584889
45792,865,1031,3688,1210,258,43,2159290,3134,970,20750,31,2.2471533041323,55.698368988194
45948,859,997,2715,885,202,34,1783040,4564,976,13490,10,4.8295830054576,60.254186291896
46194,853,1005,2039,675,162,27,1716229,2630,994,9840,24,3.1907659881913,46.686226363534
46272,849,998,1772,594,136,23,1224220,4388,997,8858,61,4.1964072973661,50.056242207095
45888,842,1044,2435,789,186,31,1827848,2710,985,16657,15,1.890331089961,59.257464638783
46215,839,996,2011,672,186,31,1321448,4347,994,14199,28,16.012113626202,75.60725087927
46162,838,1050,1991,660,162,27,1774130,3107,999,12863,22,1.9153212241826,45.559910717295
45848,836,1031,4016,1332,306,51,2414194,2844,989,16671,16,2.9212801694854,71.338529156852
45919,822,1014,3682,1224,324,54,2700910,2748,989,12580,27,5.2232600694784,44.56008478118
46169,819,997,2106,696,174,29,1707538,2337,980,10827,30,2.431282329402,41.430913933174
45964,819,1034,4670,1557,374,62,2253118,2554,1008,13013,21,6.826549750375,56.92759231091
46063,810,1016,2594,860,246,41,2256413,3352,988,14852,31,3.4583090390166,64.291939861735
46004,807,1035,2838,938,258,43,1642919,4269,987,17867,22,13.257983273634,68.607558634265
46160,798,1499,2329,772,168,28,1916475,3384,1496,12281,33,15.856419851334,94.481584655346
45883,797,1030,1885,618,204,34,1249920,2348,990,15812,14,4.9189825038083,68.453807306507
45787,796,1049,3090,985,252,42,1971510,3497,973,19803,31,2.522835361354,56.525003387055
46016,796,1038,2736,903,222,37,2289486,2664,999,11694,29,2.6156884922154,59.026846263181
45872,795,1020,2220,725,150,25,1629144,1897,985,14005,25,5.667324231203,47.220161558569
45930,784,1005,1798,579,156,26,2086285,2358,969,11593,13,2.5602735050092,43.396418611745
46258,779,984,1639,546,151,25,1397613,2485,996,8742,56,5.3406498752217,43.116217538018
46150,779,1029,2839,942,216,36,1572365,5469,1003,12873,26,1.8708146162746,55.405907860043
46090,779,985,2555,846,158,26,1791913,3832,979,16981,18,2.5285725157277,72.581098640894
46081,769,1002,1717,552,161,27,1899218,2917,990,8911,30,28.06690835055,40.265501166619
46220,769,1004,2060,687,191,32,1523382,4314,991,14163,34,2.3581831902404,61.064687100037
45882,767,1037,2073,659,192,32,1387886,2090,984,14166,14,1.7539686244915,78.403278965293
46285,762,997,1318,441,84,14,961505,2607,985,13386,69,1.728485059004,70.352941005625
46032,761,987,2405,794,162,27,1816551,2641,978,11437,27,3.1134240385619,51.904529930533
45876,759,1048,3938,1308,312,52,2667531,2345,992,15882,24,2.9366714894552,60.695083374003
45880,745,1038,2474,804,180,30,2164294,2483,985,14296,21,2.0936421468358,62.474150994045
46195,745,1007,2352,780,204,34,1215227,5398,998,14951,26,4.0120061145766,76.92982556302
46151,739,998,3081,1029,264,44,1632707,3424,985,14704,31,3.2413326290595,65.145727852472
46000,739,1017,2080,669,193,33,1770697,1888,986,12655,36,2.3594205776263,44.535218902506
45914,739,1045,3053,1008,249,41,1675289,2171,996,15652,27,6.3006799288756,58.954428342204
46246,734,996,1639,546,132,22,1129946,2780,994,8932,42,4.2690423753988,73.032879908817
45867,729,1054,2825,918,244,40,2090972,2323,994,16132,24,1.4513498852233,47.935925248808
45967,722,1015,3036,1002,252,42,2113366,3911,992,13749,29,2.8320488734347,65.338098485604
45885,719,1039,3098,1014,228,38,2151380,4305,981,15933,14,5.2640760621963,89.779890824758
45887,713,1023,1915,609,138,23,1241225,1725,970,13296,8,3.3800696208522,78.585892671342
46216,709,996,2784,927,217,36,1232966,4826,983,14154,34,3.7972755009434,64.883899470936
46223,699,977,2073,690,138,23,1544590,2582,984,11360,29,5.0345559535562,60.455196929781
46077,699,992,3034,1005,271,45,1846039,3956,986,14754,18,32.750892428589,46.769840994219
45896,699,1032,2513,810,229,38,1786632,2774,984,15038,24,2.1508366455013,48.655312747504
46231,697,988,1722,572,150,25,1008241,4830,991,11317,27,13.274744118606,67.262813319732
46183,696,997,3491,1167,246,41,1822266,3295,986,13591,36,7.9368827421348,82.428688412049
46104,689,1024,2062,678,162,27,1925576,2027,1001,9143,19,3.9278517114535,47.257897254059
45862,689,980,3255,1074,262,44,1842480,2083,957,12718,17,5.2977284430699,41.588366965109
46218,689,987,1487,492,156,26,1204768,2306,985,10262,22,1.0709173304091,51.56421164726
46112,686,985,1280,414,102,17,1363972,1371,967,8099,11,13.551776735584,41.45132849373
46002,686,982,2225,735,192,32,1841059,1818,990,14338,20,5.7108562888173,47.111553870159
46085,685,1008,1662,545,138,23,1665695,1494,977,8644,12,1.9006608424046,52.647340717111
45928,685,1033,2338,759,168,28,1688887,3138,988,12371,13,1.84961894055,51.95612618201
45873,681,1052,2350,752,198,33,1676230,2497,991,18329,22,3.7067593959989,60.847739948696
45938,679,990,2807,924,229,38,1750800,2620,975,14887,16,2.363204269827,66.514052717178
46286,677,981,1246,416,156,26,885848,3145,982,8598,61,1.3324350923885,59.589609006912
45961,675,1036,3140,1038,222,37,2046204,2724,994,15120,16,3.1098820594945,60.923729124242
45826,671,998,2449,783,186,31,1736886,3002,977,16868,22,1.3136764736141,51.841943198543
46066,669,998,2080,681,120,20,1239901,2966,989,12878,18,2.2329010809302,88.321447584882
45903,664,1048,1775,575,132,22,1288436,1766,998,12926,16,2.3759841368287,51.14550580675
46221,663,995,1762,585,180,30,1425552,3571,985,10461,31,1.9679342870723,48.692690789641
46096,662,990,1570,515,108,18,1459000,2164,986,9230,13,2.3201503290322,39.266459243932
46068,660,985,1741,570,126,21,1136202,3310,976,16060,23,1.0506589571401,70.23876137268
45897,659,1041,2225,717,192,32,2521650,2795,984,14048,21,4.3428919260619,42.455929470896
46047,659,1002,2909,957,248,41,2226721,2073,985,9639,24,5.5026397649919,43.443868135757
46263,659,987,2110,705,174,29,1159421,2658,994,11105,41,3.9230382444554,47.31364807607
45997,658,992,2179,711,192,32,1772366,2275,982,14447,22,2.1681903672703,71.912230788304
46046,657,1037,1702,555,132,22,1580345,1582,986,12300,13,1.9108644456374,61.572615189497
46138,649,1013,1921,636,163,27,1584864,2133,1000,9249,32,2.5360986501662,82.135542849146
45980,647,1036,2225,727,192,32,1958169,2391,982,16222,19,2.8567456121581,58.738503682823
45834,644,1005,2757,894,174,29,1997271,2140,969,17681,18,1.0165434757325,48.193946519668
46109,642,980,1258,411,120,20,1375407,1664,976,8703,17,4.4172717614435,38.610859037421
46273,637,990,871,289,78,13,976965,1090,987,6322,38,3.9482553203378,43.775849226927
45918,635,1072,2233,717,150,25,1451616,2301,1020,13609,17,2.7596394069626,69.844013194005
45915,633,1026,2491,806,210,35,1765722,2416,992,15572,16,2.5199874256618,64.103167849085
46139,629,991,1905,630,162,27,1616408,1187,984,7905,15,11.102865434334,53.073775437219
46116,628,984,1358,428,90,15,1518489,2178,972,8983,20,3.9418595763969,48.228896595918
46253,627,991,1658,555,174,29,1208944,2804,987,9620,44,14.262514533053,59.908458218886
45987,626,1005,2103,675,180,30,1694707,1893,981,12259,21,3.9500888175505,40.368227662234
46048,625,1041,2851,942,258,43,1699837,5669,995,11462,14,1.9210768292061,51.641214899652
46156,618,984,2061,681,156,26,1634586,2477,976,9255,18,1.6811326653863,36.303533177798
45907,616,1018,2518,825,174,29,1579359,2272,993,15444,21,4.5076994227531,67.421954377413
46189,612,983,1909,633,108,18,1376422,3052,993,15639,34,19.736486919538,56.720274524255
46029,607,1005,2297,747,168,28,1878091,1570,993,8201,14,8.2109130362934,58.90016068014
46240,599,1007,1236,411,126,21,1108725,2024,994,11087,31,3.9675317681327,48.732156590531
46013,599,1014,1691,549,135,23,1585808,2289,996,12340,22,9.4601772223707,47.675654204015
46107,599,989,1628,522,80,14,1385328,2728,980,12550,18,1.6743375388566,51.524978593814
45982,589,1009,2945,969,210,35,1656809,2409,978,14933,18,2.1007065771967,54.748845884399
45968,587,1022,2267,723,162,27,1499166,2146,987,13945,18,1.5540781924342,51.024160924748
46173,582,1004,1830,605,150,25,1159403,2554,995,11811,21,3.360927700817,69.430262317882
45985,579,1011,2552,834,199,33,2187475,2725,982,14243,23,1.8500995322329,49.471289455577
46051,579,990,2482,810,216,36,1879930,2308,986,12086,31,2.0524199606745,64.683118880462
45906,579,1020,1782,573,163,27,1977864,1867,987,12320,14,4.2951475594631,60.498172278964
45912,578,1009,1082,348,90,15,926085,1462,974,9459,20,2.323976426321,48.076130895289
46014,578,1012,1806,591,222,37,1436954,2665,984,13494,24,1.994404700343,83.191272793603
46037,566,1010,1780,576,132,22,1339494,2488,989,14879,18,2.557075823656,49.639213683854
46167,566,984,1275,423,84,14,1102792,1961,991,12881,24,5.0194435086962,42.488620533934
46088,564,1005,1691,553,174,29,1107051,2609,979,14096,15,2.9999733982251,67.468523331272
46184,564,995,2297,765,210,35,2111021,1943,982,11050,18,5.0069633238119,43.002992567288
45892,559,1040,1835,594,151,26,1391136,3058,1010,15175,21,3.9668807778395,60.004789898811
46025,558,1016,1952,636,138,23,1494093,2450,998,13577,15,4.6576738122942,60.672976721743
46010,558,1010,1975,645,174,29,1358991,3102,994,12386,23,1.1129886765185,70.801788937812
45934,558,1027,2556,823,204,34,1929376,2022,976,13516,17,4.8680710368826,44.96940133475
46168,557,998,1468,483,126,21,1405325,2198,992,8390,16,6.97536673174,43.457017596027
46123,557,999,1930,624,138,23,1265932,1905,991,11365,9,14.595133196657,40.595120035084
46248,555,995,1677,555,138,23,1372215,2108,988,8358,26,3.759750370111,50.912270804725
45959,552,1020,1554,507,144,24,995589,2126,991,14715,25,3.1185594356231,68.712500355803
46074,552,1011,2052,671,162,27,1267414,2740,1002,10868,13,2.896308263871,55.778339955987
45976,544,990,1857,603,162,27,1852302,1629,980,10305,13,2.015000515666,47.260614139582
46305,543,988,790,264,66,11,733708,1580,994,8329,119,3.4192836702638,67.918339553807
46226,540,984,1685,558,144,24,1213122,3992,993,11290,29,15.79204046048,54.71410974542
46262,536,1005,1131,372,114,19,1491883,1443,1001,6467,58,9.3401313557974,44.617225119502
45969,532,1016,1441,460,102,17,1340499,2507,992,10524,17,1.3350141422523,45.965854371188
46182,530,985,2181,725,162,27,1394128,6730,981,10630,14,3.3083334073408,42.966421486428
46136,526,1007,1851,609,120,20,1159606,2895,994,11821,14,7.2329809540099,51.606510896371
45950,525,973,2091,680,156,26,1835601,1739,954,10620,6,3.0279541105334,57.691890498523
46144,525,1018,1512,496,132,22,1284521,2212,997,9356,27,3.4337225455751,56.112994314454
46044,522,989,1695,549,120,20,1615237,2092,979,9521,15,3.6669427567861,46.837604472866
45983,522,1003,1490,468,120,20,1310072,1784,968,11015,12,2.4889718096099,46.528931306847
45952,519,1012,1464,477,113,19,1472275,2135,987,11502,19,12.747002270442,46.467173821658
46101,517,973,1711,557,138,23,1426192,1716,962,10540,11,2.7388404380742,53.074937556458
46129,510,997,1600,522,168,28,1129000,2724,994,11226,23,2.2617671666849,66.570483129237
45908,509,996,1288,405,84,14,1329536,1234,983,9393,21,3.3800951531429,44.12673718081
46053,504,999,2805,930,204,34,1816003,2048,979,9750,24,1.7112514383577,45.638505321513
46003,502,997,1491,481,132,22,1500532,1606,984,12314,15,4.7739976504965,55.381103656369
45979,499,1006,2880,948,234,39,1555250,1917,981,14387,22,6.4169522756044,48.614103886747
45970,499,1015,2115,690,153,26,1294157,2099,988,13642,19,3.5067690046505,63.65574142301
45910,496,1019,1974,643,120,20,1246512,2042,984,15137,25,2.8492907418258,55.783815372234
46001,496,1001,1753,567,144,24,1467860,1778,989,11251,14,7.9857201571204,43.349344041603
45822,491,994,1808,571,132,22,1786437,2105,971,15506,28,4.0612203888969,47.919092916521
46300,488,992,851,284,84,14,776231,1808,989,9551,76,4.0210801339268,66.00554007333
46283,488,996,1297,433,108,18,1065046,2715,998,7568,81,3.4112079414209,55.437402318816
46270,484,997,829,275,72,12,891092,1837,995,7463,33,2.9618391753607,36.26930137426
45843,483,972,2206,714,156,26,1951262,1467,970,13216,12,2.1295956417884,40.400766206889
46271,482,1003,1583,529,126,21,1054963,2562,999,9890,50,5.1662172335047,65.197387282577
45989,480,1008,1241,402,84,14,1555058,1692,981,10305,24,6.4188653740198,45.221548036882
46236,479,993,1459,483,122,20,1331508,1844,994,9086,25,7.2237253849916,48.826589861478
46142,478,1008,1266,413,90,15,1240358,1923,993,10207,25,3.3080626544842,48.281837523068
45973,478,1012,2387,765,126,21,1645613,2373,991,15264,19,45.116192248984,56.67394751912
46114,477,988,1692,552,144,24,1638727,2073,978,12188,20,6.7484006237546,55.19260725368
46110,476,978,1310,425,108,18,1378614,1186,980,8661,14,3.1532301009839,39.659636965996
46011,476,1004,1386,447,102,17,1251567,1257,996,8850,15,5.6999032360005,63.370930522829
46056,473,995,2070,674,156,26,1326344,1664,981,12936,18,1.289895918222,52.818684204581
45975,473,1047,1593,504,162,27,1348465,1761,1007,11467,16,3.1874230822686,46.329579456734
46078,471,971,1313,432,96,16,1331009,2222,976,8800,19,8.0327978383291,40.843338812369
46153,471,1007,1849,606,162,27,1685154,2246,991,8978,23,18.546398077532,43.448553313061
46174,465,994,981,321,36,6,1230221,1203,986,8265,22,3.7391357956903,60.276511870823
46055,464,971,2025,663,162,27,1768223,1919,988,11275,20,3.6899123788353,51.650977936298
45953,463,983,1728,555,108,18,1320322,1773,982,11422,15,4.8757015258191,45.289348149853
45992,462,1015,1981,639,150,25,1699260,1546,988,10953,20,3.8579642767974,56.360851935822
46259,459,984,1131,375,83,13,1011647,2032,994,8515,40,6.3143495274533,48.179914625763
46062,459,1007,1939,630,144,24,1680212,1919,988,10904,13,4.4365303420542,61.220935121517
46177,458,1011,1149,378,72,12,1175563,1380,996,9614,30,3.9032533149066,43.893812769706
46021,457,1021,1729,566,138,23,1336036,1761,991,13395,11,4.7868134197407,78.340285538232
46019,456,993,1396,437,108,18,1377288,1361,992,9294,5,4.9469104334859,51.210676907339
45998,452,994,2505,813,174,29,1904172,1417,975,12802,21,5.2997509326382,41.033164390785
46079,449,996,1570,510,106,18,1364149,2329,972,12336,14,3.4407438028824,49.079758911086
46278,449,986,1805,603,126,21,1020251,2155,987,8738,54,3.6653091851993,55.419011974236
46017,448,988,1932,623,126,21,1582448,1352,991,10609,14,10.026234707775,61.280193167622
46064,447,1001,2202,720,162,27,1295332,1694,985,11546,21,5.7326708811058,45.154475311539
46033,446,1014,1879,613,156,26,1622722,2595,989,9285,21,3.2077190509281,56.923634065158
45966,445,1028,1583,510,90,15,1202435,1452,992,12591,7,3.1634084164419,63.752079041285
45891,445,1004,1353,432,120,20,1168692,1581,972,11912,11,7.4331188059296,54.2551330956
46070,442,998,1746,573,150,25,1067269,2631,983,10800,12,5.4468305954652,60.995133328575
46291,440,981,784,261,60,10,831857,1731,992,6805,51,1.7929741777624,39.722187632257
46170,439,997,1957,648,169,28,1446463,1724,989,8953,27,34.799489543452,73.346839503942
46288,439,989,1580,528,126,21,911080,4004,990,11550,56,4.543572798,60.534810884789
46185,438,994,1336,431,96,16,1340766,1553,986,6844,15,1.4557672452018,43.24779476521
46233,437,991,1016,329,84,14,1170108,1080,990,6769,28,3.194728395904,42.961180934567
46176,435,1002,1708,562,96,16,1170722,3250,997,11080,15,1.1690490564503,60.340719145418
46035,429,986,1356,435,108,18,1412650,1600,988,9444,16,5.458951748666,41.862443906341
46241,427,1006,1505,495,126,21,1187581,2954,996,9252,32,8.7167823544805,44.944390271401
46040,424,973,1619,516,102,17,1405911,1176,979,10905,18,4.4181762682785,44.018720776402
46054,419,977,1455,468,126,21,1345996,1245,976,8330,17,3.0986268824315,40.44670608288
46041,419,995,2242,732,193,32,2285639,1980,988,11417,29,8.1747364640818,36.217276119957
45895,416,1020,1577,507,120,20,1152586,1629,974,13598,19,5.4670633541814,64.243296539611
46075,413,1011,2100,686,174,29,1277435,2204,994,12198,21,1.8427561935891,72.224696756611
46121,410,993,1383,450,108,18,1402317,2305,990,7608,26,1.9499948616084,58.64488103123
46159,399,972,1425,456,108,19,1502282,1579,981,7447,24,2.0850352841237,42.873056402794
45904,399,1034,1662,534,131,22,1536303,1519,1003,11201,11,9.284730933307,41.622998766759
46143,397,1008,1901,626,162,27,1683681,2129,995,9034,22,3.6588349450305,52.110685969978
46005,396,1005,1749,551,150,25,1511620,1775,981,12383,11,5.1902794327872,47.794629366151
46157,396,997,1548,511,144,24,1282168,2167,988,9995,18,5.0676123150331,54.16220762493
46036,395,993,1799,578,150,25,1796190,1352,980,9527,19,3.5200755296554,42.256088186957
46045,394,975,1297,417,120,20,1111468,1471,978,11195,6,4.3854662217161,46.524036705355
46242,394,982,1466,489,114,19,1160056,1270,980,8289,29,2.7511533083653,53.438791803607
45926,394,1021,1882,608,150,25,1616573,1960,995,10375,14,4.079216108264,58.104223305288
46213,392,991,1158,376,96,16,1190293,1463,982,7214,21,1.3459286405648,41.862385766328
46281,389,997,1091,363,101,17,1062720,1876,988,9070,50,12.10373507516,56.445431521931
45927,388,991,1298,420,102,17,1268929,1138,986,9118,10,8.1065548468806,44.319887455904
46089,387,980,1388,453,126,21,1328700,1436,979,9791,14,2.0245158968024,52.412099524353
46071,386,1004,1888,618,132,22,1335618,2322,985,11090,14,5.012542827701,71.579100212118
46187,384,987,1578,518,90,15,1386850,2471,980,10300,13,5.8692218552105,50.557874080138
46137,383,993,2001,661,168,28,1687980,1428,988,7097,33,2.200420993649,49.178963219657
45911,380,1005,1982,630,150,25,1468222,1900,993,10834,27,1.6128218047268,53.772076090666
46140,378,980,1038,334,66,11,979907,1066,978,8867,14,2.1097777401254,57.684138968412
46131,377,1005,1091,346,72,12,1319752,1140,1000,6700,17,5.7271989376388,35.246571703928
46235,376,995,1164,384,102,17,1437746,1841,998,8532,27,2.6592296733265,53.735772195343
46191,375,979,1353,439,102,17,1285100,1914,980,8612,23,4.0023029353076,61.689310455021
46260,374,992,946,310,66,11,1153328,993,985,6426,38,3.3140495526703,44.203677311484
46224,370,987,1504,495,132,22,1079774,2110,989,10958,37,2.7700051751277,51.836854800623
45924,369,978,1134,342,115,19,1056170,821,970,9477,13,4.0391495540754,52.823403449945
46193,369,989,1409,456,103,17,1383089,1706,993,8668,14,2.0441097026081,42.054966812882
46247,369,1005,1161,378,102,17,1330551,1002,1001,7359,31,4.0631154177452,46.509765223162
45905,368,1016,1753,560,126,21,1092654,1306,999,11543,8,3.6268105551809,50.59940214251
46158,368,983,1215,393,114,19,1172672,1267,983,9012,16,2.3821564157412,52.721680783385
46166,367,970,1688,554,138,23,1510614,1830,987,11030,14,6.269783653252,45.208897478936
46165,366,977,1392,451,96,16,1194318,1710,987,11432,10,6.064850785574,52.431521227702
46091,363,989,1298,420,90,15,1656537,1076,989,11057,23,4.7750187942481,47.99632556987
46214,363,991,1288,420,114,19,1285934,1165,995,8133,20,7.6548238192203,43.822004554238
46155,361,977,1787,578,96,16,1695597,924,984,9042,25,2.8322440035122,40.657577582944
46294,359,987,1074,357,137,23,968459,1800,984,8288,92,1.3145570417507,38.98548390679
46028,359,981,1176,372,90,15,935333,1428,983,9356,16,5.4826278497402,56.747409240985
46034,356,976,2029,659,132,22,1957677,1156,983,10032,17,1.8909184872963,45.863651741501
46133,355,995,1284,409,102,17,1273625,1026,992,7730,13,5.0326287457755,40.936797692906
46152,354,1014,1605,525,132,22,1484649,2047,992,8185,16,2.8678831416004,50.070833420811
46254,354,987,1102,360,108,18,1168427,914,983,6894,30,4.0551126920986,42.354334928443
46196,354,988,1286,413,108,18,1210719,1127,992,8434,19,44.179999985195,49.56800926498
46050,352,981,1407,447,108,18,1086087,1346,976,9704,14,2.184771574114,59.217291439815
46178,352,993,1807,593,144,24,1949763,1226,996,6887,40,3.2429262507799,43.561320972918
46237,351,976,1117,372,84,14,1197830,1207,978,9338,25,1.2824207320886,54.357673004641
46007,349,997,1672,534,126,22,1364378,1270,992,10350,13,6.5608896954614,46.211545952363
46043,342,983,1345,423,66,11,1363677,1362,985,9283,7,6.3952569343461,53.463664236935
46228,339,989,994,327,84,14,1302888,1040,998,6820,26,4.0675406723077,41.602936549647
46012,339,993,1721,543,116,19,1331466,1272,991,10915,26,1.667487916819,49.228195137347
46276,337,977,683,222,60,10,906309,872,981,5171,27,2.8677161117429,38.310062735107
46038,336,992,1526,489,126,21,1471450,1326,982,9921,13,6.5379654357809,39.090210243931
46149,336,967,1850,601,144,24,1656714,1681,980,10230,20,6.3419218123498,45.95992739904
46093,335,976,1065,344,72,12,880014,1386,970,9008,13,7.7646762353544,47.576780813153
46210,335,990,1257,411,96,16,1418225,1007,987,6337,26,8.1151271353978,61.931250127687
46126,334,995,1248,408,78,13,1258980,970,995,6966,18,7.5059239564938,47.219986845972
46057,330,979,1384,442,120,20,1299728,1290,979,8364,13,6.6381761656668,43.430126948439
46268,329,991,1160,387,66,11,1085051,1536,992,7688,33,11.07500927882,43.955705134838
46317,323,996,669,222,66,11,696075,856,996,5269,151,3.7235766869024,53.634475893561
46287,323,984,778,258,72,12,912179,936,987,6326,34,2.0143729332345,38.798064204992
46307,322,986,879,294,84,14,854679,1025,987,6791,80,3.2372946517033,45.418245780207
46008,316,1007,1236,386,102,17,1312385,1099,1003,8734,11,6.012952759888,49.495186301582
45923,314,1020,1575,498,108,18,1513497,1719,995,11561,7,2.5012426578064,45.447642668453
46135,303,991,1589,518,102,17,1097421,1300,994,10135,11,4.6466233733622,73.458767825251
46249,299,985,949,312,90,15,1249900,789,986,6865,25,3.0173948168626,38.179097719433
46209,299,984,1298,423,125,21,919283,1861,992,10368,24,0.97288911546271,63.062349569696
46119,299,953,1503,483,119,20,1262719,1195,972,10767,20,3.1506343792946,44.221127654539
46277,297,971,796,261,48,8,965439,544,978,5507,33,7.3310359782412,35.089173483411
46301,297,981,956,317,114,19,896391,1882,978,7606,81,6.5399607019236,39.366063038777
46181,296,981,1506,487,126,21,1373633,1150,983,8414,16,7.8909840996177,40.805635925909
46125,295,984,1378,443,102,17,1672721,935,986,7323,25,2.3820751030671,48.607815271217
46026,295,979,1255,385,108,18,1555319,1207,989,8025,9,3.5059131555705,51.302143055184
46097,295,967,1200,390,96,16,1500301,1316,981,8052,12,3.4412557028192,39.162966591365
46141,294,988,1582,512,138,23,1408126,1588,992,9232,15,1.7237272700632,48.112992232228
46095,293,995,1229,396,120,20,1157770,2109,993,9252,15,1.9883319269926,53.105186923636
46082,293,972,1604,503,108,18,1180992,1608,980,10594,18,22.228781234559,43.925107280195
46061,289,983,1332,429,93,16,1382451,1270,976,9105,21,2.9373134916691,45.234815500192
46052,289,976,1537,486,108,18,952483,1311,978,11434,16,37.388163303993,48.912193574425
46239,288,990,1111,351,102,17,1291858,1263,992,7422,18,2.9819183137841,45.570378157719
46113,288,978,1421,455,108,18,1435008,1035,973,8892,15,4.5199204577284,34.528460801555
46161,288,965,1143,369,90,15,1058722,1013,975,8370,16,3.3531537408079,49.199439676835
46266,287,982,1037,344,36,6,1043219,2002,991,7465,36,3.4164278808459,40.253677481191
46030,286,1003,1549,501,114,19,1016530,1222,990,8973,12,6.6581294613997,63.021724450795
46180,286,963,1135,369,78,13,1230216,1580,976,7544,13,3.9878960828563,37.41499288927
46275,285,1007,718,236,72,12,1209205,924,992,6467,31,4.2395122076092,43.973598642009
46202,285,992,968,310,66,11,1048731,829,990,7697,15,5.038521493487,40.607754740602
46127,285,988,1038,334,90,15,1185026,863,994,7846,14,4.3108464241078,50.06747859927
46222,283,975,768,250,60,10,1230247,657,978,5449,11,2.8186157661634,34.441015911477
46204,280,1000,1002,324,84,14,980920,1325,990,7826,20,2.7481351518476,42.524483153743
46267,279,983,804,264,66,11,991052,796,989,5148,31,4.1448257961276,36.70181452417
46227,276,970,971,311,60,10,1211524,936,975,6736,22,7.7063615489375,41.12671697431
46146,276,996,1127,360,96,16,1147217,817,1001,6963,16,9.0346767964382,45.310261482637
46251,274,982,1229,405,48,8,1291214,1154,991,7432,29,16.018922600255,43.788776572174
46308,274,980,610,203,60,10,807783,755,989,6762,85,3.5504853188384,39.583078971853
46206,273,982,1118,366,102,17,1182343,1206,995,6782,21,4.3988526067131,29.090243401463
46073,271,969,1189,357,72,12,1062186,872,979,8270,10,3.2261165622391,37.780954464431
46148,270,991,1299,412,84,14,1108223,1167,1002,8116,17,2.215886963859,45.06906943715
46244,269,974,982,321,96,16,1105178,949,982,7709,27,1.5527961740906,54.358079716298
46117,269,985,893,288,84,14,1126558,981,979,8258,26,19.725404557025,38.371392960301
46212,268,975,1217,391,78,13,1282595,1763,984,6857,12,1.4631179917372,38.377919024039
46250,268,985,939,311,42,7,924148,965,987,6907,28,3.5211486764686,50.318563315436
45993,266,1014,1527,477,90,15,1495301,1097,990,10976,13,5.395459642135,47.555024496157
46313,265,988,691,231,60,10,652366,1634,990,6153,100,4.95272209096,37.821973472266
46306,264,982,690,231,72,12,657975,997,989,6526,76,2.2035484527072,42.198501018951
46103,264,982,946,296,72,12,897541,964,973,6975,10,12.789185054514,37.789917000793
46134,261,973,1097,349,108,18,1341607,962,985,5993,24,3.2150029388489,37.808121625291
45941,259,973,1251,372,93,16,1359308,904,982,8908,18,6.1523448987728,42.621416114091
46020,259,1004,1218,381,73,13,1051385,872,1001,8023,10,1.9008501869688,46.433984569486
46192,254,991,980,306,84,14,1107883,876,991,7437,12,4.3521479880545,50.137805931901
45922,251,1005,1430,443,108,18,1190322,1129,999,10110,13,13.777759154209,60.430157002973
46269,249,982,840,273,84,14,1064406,737,984,6372,39,2.7597042338035,47.485022980265
46199,246,1015,823,262,66,11,996376,780,1010,6796,20,1.1825291985291,50.247450971242
46154,244,979,1366,429,84,14,1150622,931,978,8441,9,2.2668569370564,40.680008728065
46130,244,988,1174,374,102,17,1189783,732,987,6847,11,5.0332144941952,46.271007806592
46230,242,973,1060,337,84,14,1173052,1233,988,6539,29,6.274707102815,46.455102448345
46252,241,1041,1061,349,84,14,1102569,1259,995,8004,38,4.6753657374717,54.072621543041
46147,239,980,1076,336,102,17,1201925,853,996,7734,23,1.566215971009,53.940931255499
46315,239,989,453,150,39,7,665181,775,993,5249,91,4.3255458244411,50.775017309034
46163,239,974,1451,471,121,20,1497027,852,980,6652,21,3.7604780974793,49.195216107523
46257,237,984,819,267,72,12,909898,735,982,7176,29,5.3368827424908,38.063255400799
46122,232,999,1192,380,78,13,1126445,925,992,7674,14,11.18889213712,52.382985860182
46211,231,986,1014,332,84,14,949034,944,992,7468,18,1.5492916709369,52.863035342387
46094,226,1009,1229,381,90,15,921377,1061,996,8236,16,6.2668203182402,41.414598461283
46217,225,992,1297,420,84,14,1382868,1219,994,7092,21,1.8264377952334,36.984527973953
46203,219,982,978,315,55,9,923000,887,983,8600,18,1.774366711739,43.462322074392
46264,213,995,811,264,72,12,994538,885,995,7123,30,4.5897069372118,53.725421721555
46282,213,979,809,266,66,11,959989,813,982,6187,41,5.4820510984308,59.014217465187
46289,212,966,793,261,54,9,929533,530,967,4628,27,4.0511875937199,38.333814211164
46207,209,983,1302,420,109,19,1389059,1463,990,7576,39,1.7674603562397,30.576817947146
46108,199,962,1012,306,67,12,1020381,703,966,6583,10,3.7863193124245,40.315886492573
46261,199,975,943,312,96,16,1047853,728,980,5685,26,3.8836515525847,42.106062456109
46298,198,997,830,276,72,12,894343,1472,1000,5198,57,12.742736393072,42.79761180367
46318,196,986,515,171,30,5,706278,395,982,5143,140,7.3230531167574,47.148755413391
46274,194,987,921,303,60,10,1240908,1312,1001,6670,41,6.3094841469541,40.338822949472
46245,193,987,1243,406,102,17,1189553,894,989,6078,22,3.2076528518248,50.288777862956
46172,192,981,1040,332,90,15,1119461,816,975,7237,9,2.575916671047,51.150877059127
46256,191,973,1292,428,102,17,1111272,1704,981,6878,30,5.0338255184595,38.67104594847
46076,190,988,1263,390,102,17,1229927,937,978,8697,21,15.896592210544,40.376427987539
46296,190,990,861,285,84,14,953481,637,988,6070,69,3.0119908890063,38.824632786296
46265,188,972,746,240,60,10,954788,537,983,5549,20,6.5876010908841,33.560077758989
46303,184,1031,715,237,60,10,836440,505,1012,5373,62,5.9223606293076,33.629462021763
46190,182,966,1078,347,66,11,1003291,738,974,7214,17,5.8333753420495,38.978952956803
46320,182,990,667,222,60,10,631933,521,990,5417,116,4.3985384151951,37.84877382411
46234,180,971,822,261,48,8,976982,846,984,5079,13,3.9272902981619,37.334953856255
46243,178,985,898,288,54,9,950452,596,991,5168,20,1.6359424414544,49.307706748312
46292,169,994,809,267,63,11,1036107,522,994,7058,67,2.3750687563623,45.133789284478
46255,169,990,796,255,64,11,768867,735,989,5816,24,13.954379236188,51.98162346679
46309,165,990,660,218,30,5,659365,874,991,5681,68,2.4201302387586,43.259649701268
46238,160,974,810,255,60,10,914476,642,976,5350,10,4.1782351520084,39.222577219753
46299,159,985,857,285,69,12,894454,804,985,5546,58,5.4194506942597,40.783943381561
46232,159,982,900,285,66,11,1050708,672,983,6006,13,7.9515271978087,41.8809297168
46302,149,987,671,222,42,7,984585,523,989,6295,65,14.392435272368,38.646096471261
46312,149,990,649,216,47,7,797249,658,996,5589,105,3.5763684579503,37.497115443536
46293,146,989,720,237,54,9,962339,597,990,4954,49,3.6529714371052,35.465721606275
46319,142,992,514,171,48,8,676986,399,991,3974,117,6.1609292442983,29.429496962931
46316,122,991,487,164,48,8,499978,450,991,4945,130,5.5207421809933,31.267186229876
46295,116,974,750,248,42,7,1016253,592,977,4250,34,9.6150355983791,36.732700907108
46290,112,978,730,241,54,9,1035678,417,980,5473,60,3.0617251995594,33.110926606337
46297,112,982,658,216,48,8,790403,528,985,4138,49,3.1713109091337,28.448261545024
46314,109,990,445,147,42,7,847525,273,992,4253,98,3.4573867983861,42.276677511746
46304,99,999,604,198,49,9,810759,342,0,4276,89,6.3022554781379,33.789206445559
46311,88,983,539,179,42,7,673536,417,0,4418,77,1.2475173366803,35.008990359353
46310,87,986,546,180,48,8,708028,279,0,4221,89,6.3451376188654,32.451024772557
46345,0,730,0,0,0,0,0,0,0,0,0,0,0
46338,0,707,0,0,0,0,0,0,0,0,0,0,0
46328,0,704,0,0,0,0,0,0,0,0,0,0,0
46334,0,798,0,0,0,0,0,0,0,0,0,0,0
46330,0,716,0,0,0,0,0,0,0,0,0,0,0
46346,0,802,0,0,0,0,0,0,0,0,0,0,0
46323,0,759,0,0,0,0,0,0,0,0,0,0,0
46341,0,723,0,0,0,0,0,0,0,0,0,0,0
46343,0,778,0,0,0,0,0,0,0,0,0,0,0
46340,0,716,0,0,0,0,0,0,0,0,0,0,0
46333,0,768,0,0,0,0,0,0,0,0,0,0,0
46332,0,735,0,0,0,0,0,0,0,0,0,0,0
46337,0,747,0,0,0,0,0,0,0,0,0,0,0
46336,0,745,0,0,0,0,0,0,0,0,0,0,0
46322,0,724,0,0,0,0,0,0,0,0,0,0,0
46321,0,767,0,0,0,0,0,0,0,0,0,0,0
46324,0,739,0,0,0,0,0,0,0,0,0,0,0
46339,0,698,0,0,0,0,0,0,0,0,0,0,0
46344,0,788,0,0,0,0,0,0,0,0,0,0,0
46325,0,769,0,0,0,0,0,0,0,0,0,0,0
46331,0,779,0,0,0,0,0,0,0,0,0,0,0
46348,0,735,0,0,0,0,0,0,0,0,0,0,0
46347,0,724,0,0,0,0,0,0,0,0,0,0,0
46329,0,735,0,0,0,0,0,0,0,0,0,0,0
46327,0,734,0,0,0,0,0,0,0,0,0,0,0
46326,0,742,0,0,0,0,0,0,0,0,0,0,0
46342,0,716,0,0,0,0,0,0,0,0,0,0,0
46335,0,776,0,0,0,0,0,0,0,0,0,0,0
