room,level,num_players,num_mobs_killed,num_towers_killed,num_minibosses_killed,num_bosses_killed,num_clicks,num_abilities_activated,num_players_reaching_milestone_level,num_ability_items_activated,num_active_players,time_simulating,time_saving
39650,5575,1500,44445,14860,3307,524,25380099,271799,1500,175856,808,3.8795233479177,87.726198526604
39721,4933,1500,39290,13137,2931,471,32349850,215146,1500,150896,793,8.9000852089845,72.775756178674
39646,4109,1500,32712,10940,2434,396,18163525,78622,1366,103042,342,2.685788268777,77.288094343638
39791,3773,1500,30145,10091,2229,360,26012984,89766,1062,76603,479,5.9354392722481,96.180709813728
39756,3729,1500,29883,9990,2215,358,21772623,70020,1498,74490,416,7.9723475235969,62.991140663994
39564,3422,1500,27087,9055,1998,326,10592775,59170,1500,81018,183,1.7122881578033,84.006866006985
39550,3309,1500,26310,8811,1959,321,18134162,35954,1308,67867,256,5.279183803993,82.077750103224
39800,3159,1500,25046,8373,1867,303,20824426,66453,1500,46722,327,5.6238345700761,69.702042621508
39540,3080,1500,24459,8185,1800,295,14177263,34972,1237,66194,215,6.0457586743518,80.876798401963
39539,2917,1500,22815,7613,1670,275,10421210,43346,1357,69676,171,2.1327336506958,75.671527360342
39810,2909,1500,23347,7803,1716,273,21903855,41741,1095,52970,348,4.156050166706,59.429489907175
39570,2779,1500,21982,7356,1577,258,11967997,33441,1405,62180,174,11.596479221238,69.992781499379
39541,2766,1500,21746,7271,1603,258,11098118,41356,1200,68334,170,2.2697295689956,67.666115868336
39553,2696,1500,21357,7147,1562,259,12125342,31438,1248,56118,224,17.531477332472,75.368337156558
39578,2599,1500,20743,6935,1525,249,13682118,27459,1499,49511,216,3.9412927700487,81.178115334206
39574,2587,1499,20307,6796,1493,250,9674660,37517,1497,59501,176,6.9330236947679,78.265939842857
39547,2580,1499,20348,6809,1497,246,9717954,34636,1371,61483,183,7.3559575276013,71.894060863026
39559,2526,1500,20019,6692,1451,238,10804315,32139,1307,52066,184,7.2991268926218,79.594263164787
39601,2369,1500,18677,6249,1354,226,11080958,29864,1058,46978,264,5.4917763372222,76.759567619434
39556,2343,1500,18441,6162,1332,220,11642559,23712,1223,48142,188,7.1446087698504,86.988542462804
39566,2293,1500,17962,6001,1305,213,10489763,30269,1313,56546,174,1.905085144095,65.339566053317
39542,2238,1500,17784,5945,1322,219,10453092,28400,1138,48637,198,4.9514501557451,72.845761635904
39986,1789,1500,14296,4781,1045,172,17051860,18101,1332,29174,270,16.705990320112,59.585658827991
39573,1679,1275,13306,4452,937,157,8910935,15967,1168,35582,238,1.9943122702207,50.009876047653
39545,1527,1160,12027,4032,841,141,7804344,15232,1183,37258,121,3.3735967739004,42.930531271212
40127,1518,1499,12121,4053,878,144,10653001,19128,1235,25486,303,4.2227224572481,59.940802123105
39571,1460,1150,11430,3828,807,137,8467824,13230,1169,32316,147,3.3850745944166,44.785050068441
39557,1376,1130,10936,3656,788,132,8325033,11746,1166,32784,126,3.1336887751408,41.181607089246
39562,1375,1060,10952,3668,789,131,8593651,9720,1057,27264,122,5.5677223786151,37.348553391775
39563,1300,1133,10293,3439,750,127,6933882,10943,1177,30859,102,6.0106646231056,41.568513190631
39572,1279,1034,10079,3372,721,123,6774029,10650,1064,27634,107,3.7809265158486,35.583649606672
39575,1206,1000,9446,3159,660,112,6417222,10684,1031,20347,88,24.536768710264,36.940391340924
39596,1200,1120,9440,3154,652,112,7025274,9987,1090,22724,163,7.4676371562296,49.587229353718
39552,1191,1024,9376,3135,665,112,7011894,9133,1045,26107,94,8.757601619898,36.094373834385
39587,1137,1033,9064,3033,658,109,6991792,7442,1058,21641,88,6.0027178178435,39.211073294613
39605,1107,1001,8807,2948,639,107,6510919,8123,1030,22284,109,3.8159593481039,33.512847717507
39549,1099,1033,8607,2875,621,104,6188891,9224,1080,26802,103,3.0585411930422,37.805253327605
39548,1024,1006,8075,2705,586,98,6154400,7497,1039,19712,94,7.4726551502049,35.292029990164
39560,1020,1014,8026,2686,567,96,6723121,6794,1063,18562,92,3.8407040698819,34.144635805076
39580,1001,1012,7935,2656,560,93,6392926,7807,1056,19977,118,1.2066144841593,35.41522567699
39630,1000,1035,7858,2629,563,94,6114511,7602,1069,22931,112,10.566830146667,36.658229812519
39582,987,1010,7830,2614,551,92,5853628,6756,1042,19295,75,6.8894885842192,32.380922952789
39584,899,1012,7072,2358,507,84,5017918,7736,1043,18933,91,2.2860854509795,38.215874459997
39604,879,1022,6940,2321,500,84,5278799,6209,1053,19176,98,11.064286661448,34.734928426747
39603,874,1029,6861,2298,499,83,5411153,7026,1050,18868,101,2.0002560637986,37.421613597204
39589,849,989,6501,2181,457,78,6083240,6486,1017,17616,79,17.526686237738,32.549358049126
39597,847,1019,6646,2229,476,81,5768905,7220,1055,19269,80,4.5365439934446,33.852958149376
39598,843,1013,6577,2203,481,81,5949595,6715,1043,16465,84,2.1369107650588,34.433982827991
39583,791,989,6307,2103,458,77,6195579,5204,1019,15357,77,1.3894827686282,34.200441692787
39610,789,1013,6122,2049,444,74,6281797,5872,1049,17550,88,7.2996844346515,37.966090736212
39626,784,1024,6036,2021,451,76,4930473,7001,1055,17795,77,4.2177470998917,37.834606504497
39651,782,1020,6105,2036,447,74,5076046,5619,1061,17585,79,14.047704567208,46.364432767917
39579,771,1047,5953,1999,450,75,4539087,7335,1092,21776,79,2.7047005507148,36.094821814429
39588,768,1036,6023,2010,419,71,4879979,5167,1062,17085,79,6.9361328039265,34.267641962971
39633,766,1022,6026,2014,448,75,5180540,5612,1060,16812,86,4.8983474901147,35.725648024771
39652,763,971,6080,2034,438,74,5456696,5535,1003,17287,79,8.0462447657759,36.781252457385
39585,749,1013,5802,1936,405,70,5172717,6618,1051,16831,72,1.2539378467575,36.046516466401
39590,748,1002,5900,1973,400,67,5300861,5603,1044,16661,70,8.5011001080157,32.218146676761
39639,739,987,5806,1945,408,69,4668851,6187,1027,16050,76,2.1926613576128,38.240638816754
39551,731,1061,5842,1957,428,71,6003268,5348,1044,15120,108,7.087170404142,38.428372947971
39581,728,1009,5700,1907,384,66,5065347,5177,1034,16272,84,1.9645090293809,35.874852330451
39654,727,1023,5607,1878,416,69,4919961,5043,1057,14767,66,3.6666084082474,36.704136638008
39627,715,984,5522,1842,402,69,4433046,5101,1030,14321,72,1.4622282207948,34.69110090664
39620,708,990,5641,1888,392,67,5075599,4485,1022,14897,88,4.2915687728188,33.094666272225
39608,708,1014,5558,1867,390,65,5119624,5746,1052,16847,70,3.8910740357893,34.225376275154
39606,707,1001,5652,1887,410,68,4797201,5614,1031,17580,79,4.2860684664353,33.443547470598
39636,695,1027,5419,1809,379,63,4709043,5334,1067,15886,74,3.643547006525,45.7024467873
39649,693,1017,5367,1797,381,64,4025139,5065,1046,17178,77,5.5902049280279,35.775462677619
39676,679,1016,5223,1753,373,61,4728080,5079,1048,14952,67,2.8417389818195,37.43401641777
39568,669,943,5284,1759,378,63,4881742,3963,987,12719,58,5.0140551200875,33.266417119165
39609,669,1007,5219,1738,375,64,5386191,6701,1043,16327,79,5.7991980483097,39.08185406798
39611,666,996,5080,1699,373,63,4350547,4855,1032,14997,82,2.543822691194,34.698778710536
39687,666,979,5255,1761,387,65,4451187,4581,1020,13653,56,2.8846644631065,39.835438497178
39595,663,1005,5099,1692,350,59,3980196,5530,1036,18552,75,1.8196477775915,36.899942036177
39543,662,979,5221,1750,366,62,4013754,3885,1019,14339,74,4.8898049710754,35.955648991072
39607,650,976,4990,1670,358,62,4987963,5231,1017,15542,64,2.7464141142856,34.951253730074
39592,635,980,5040,1681,352,60,4930555,4751,1016,15053,81,2.6811244067417,39.104659524257
39615,619,991,4859,1623,339,58,4241095,4162,1027,14004,61,8.4561250047853,33.04521062553
39698,619,991,4854,1624,361,60,3797325,3950,1013,12756,57,4.2173629741343,40.135777742167
39623,609,995,4831,1611,341,58,4798176,4865,1026,14229,72,7.6723491790883,37.809518483933
39673,599,1045,4739,1578,333,57,4771629,5357,1092,15683,78,3.012952362994,37.754013535399
39591,591,1016,4637,1534,328,54,4573796,5614,1060,17170,74,11.503160890852,34.307176597084
39697,576,1001,4558,1522,296,49,3857956,2952,1027,12521,56,2.4845396226826,33.751648663028
39653,571,987,4524,1507,325,54,4781598,4258,1028,11993,68,2.2277096989339,35.553780985337
39594,567,987,4487,1492,315,54,4172611,4387,1012,13542,67,5.9656513351759,30.088062893455
39684,561,947,4411,1462,316,53,4694526,3758,998,12718,64,2.1832340580316,34.784379003463
39740,559,974,4454,1480,311,52,4465624,3817,1003,10886,62,3.6163085379881,37.577383749841
39692,552,950,4396,1468,312,53,4048475,3891,988,11216,57,1.7619628654761,32.840645345995
39658,548,994,4294,1412,290,50,3914589,4498,1027,14961,54,5.2586596591297,35.488548842556
39700,539,955,4281,1426,311,52,4159603,3398,996,10383,56,4.6109322216319,34.25492086157
39628,537,995,4258,1411,298,50,4225063,4174,1034,13608,69,1.8245343680339,31.649972826968
39683,536,977,4115,1371,290,48,3968690,3868,1017,11166,45,7.2772142195501,35.107195973705
39618,535,997,4328,1422,285,50,3897527,4295,1022,11774,49,10.75724047801,37.05335609531
39655,529,1006,4128,1372,297,50,4176242,3583,1043,12939,53,4.7691941014181,34.903367187343
39717,529,977,4193,1395,299,49,3831485,3456,1004,10774,47,4.6961051223919,31.663590136252
39593,523,981,4156,1366,292,49,4366494,4367,1018,12060,69,3.4343902330308,35.638954485069
39677,519,960,4121,1349,288,48,3956860,4157,999,13911,49,7.0531913318724,34.051885810405
39685,519,982,4008,1333,265,48,3946462,3828,1016,11330,47,5.1974167292891,33.74658305305
39689,513,998,4011,1331,292,48,4022868,3452,1034,11271,57,1.675338723185,35.120870279185
39613,510,988,3946,1307,276,48,3745595,3538,1017,13301,62,2.2957865627642,35.051399051184
39561,507,990,3979,1314,265,46,4585055,3948,1017,13088,48,98.539606005635,37.555264567292
39723,505,1000,4010,1337,276,46,3803100,3003,1020,10914,48,14.060186756014,36.175197959707
39666,502,992,3990,1316,273,47,4382335,4164,1021,11710,78,13.816747534692,37.048877040326
39555,492,997,3869,1278,261,43,3979081,3848,1034,11790,77,11.870248912938,33.545247844349
39668,492,1012,3927,1284,284,48,4292256,3871,1037,13458,60,2.0322320077932,31.746992443813
39730,491,961,3875,1287,276,48,4560904,3413,991,11018,57,10.515625407853,33.409125240752
39671,489,972,3906,1285,259,45,3724589,3906,1010,12136,59,2.5127950412531,32.869389883527
39644,486,981,3855,1281,266,45,4298370,3817,1020,10096,61,5.2733556317485,32.379936141024
39729,486,952,3877,1289,261,44,4685033,3250,991,10837,48,3.1751638470993,33.508943782552
39621,483,975,3815,1258,271,46,4051063,3728,1009,12961,57,9.0734358155924,32.666981219435
39667,481,994,3750,1228,273,46,3722599,4172,1030,12019,58,8.2421057812336,35.581274188764
39661,479,998,3759,1231,259,45,3739962,3417,1024,12392,64,8.5459398253129,33.603575770762
39739,478,962,3772,1256,253,42,4381923,3638,989,9759,40,6.5798082024739,31.616903332315
39695,471,959,3750,1233,259,44,3782888,3577,1002,12261,40,2.534757432016,32.759027707446
39643,469,984,3717,1230,256,43,3926328,3119,1015,11311,65,16.331476052304,35.419970457648
39722,469,954,3729,1227,239,43,4115328,3985,1001,10458,49,2.3869762876548,36.952943387917
39619,468,963,3659,1216,267,46,3941553,3260,1005,9798,64,9.5769171831877,32.202953071247
39674,467,991,3661,1201,245,40,3950547,3883,1027,12665,43,4.9680078533425,33.200257118155
39688,463,964,3715,1229,256,42,3694455,2921,998,10412,55,8.7650174953321,35.879753499715
39647,461,1019,3623,1184,231,39,3585700,3271,1050,12213,56,11.722247775058,38.483568418632
39657,461,992,3616,1182,228,42,3946932,4283,1027,13179,68,1.8256267258975,41.267225316043
39648,460,998,3676,1211,258,46,3357209,3519,1022,10992,66,3.888816913062,36.474956850904
39662,459,981,3669,1201,245,43,3674661,3873,1006,11276,57,5.6064928993155,34.022569609867
39678,458,1005,3646,1181,253,43,3534022,3925,1035,12241,45,1.6295020255753,31.000613359591
39629,454,1006,3669,1187,252,44,3745594,3892,1031,11580,65,2.3713052475031,32.389054834843
39711,454,994,3577,1165,246,41,3796125,3691,1020,11680,69,0.95484691186321,35.216291172705
39672,450,1005,3600,1175,239,42,3997991,3818,1026,12170,62,7.2087495116945,38.424527271066
39681,448,969,3451,1124,240,40,3964897,3466,1010,12670,62,1.2174511184298,29.330174538119
39707,446,982,3512,1151,252,42,3720380,3083,1016,10850,54,2.018638879585,32.708891905455
39665,445,1006,3577,1178,249,41,3994232,3195,1022,11026,43,3.1795336459467,33.77524457162
39708,445,994,3527,1157,236,39,3913061,3141,1022,11635,47,4.8580963809289,37.292734387328
39804,442,987,3500,1157,247,42,3194858,2607,1006,9011,49,2.4888830880733,32.846137649484
39716,439,979,3414,1123,219,39,3291367,3258,1009,10057,55,3.6171978112744,33.253862142675
39622,439,976,3516,1149,234,41,3549043,3101,1000,10424,57,5.4049974811971,32.376508200517
39713,439,967,3501,1141,240,40,3710401,3154,996,9920,57,2.1560185322127,31.629916937876
39712,439,980,3490,1143,250,42,3238543,3248,1010,10956,60,9.4274454748839,36.21031212247
39577,437,1000,3434,1128,217,38,3459768,3105,1024,10841,45,11.119699233244,33.637049874162
39734,437,934,3448,1141,246,41,3599279,2950,972,9778,44,6.4810605773834,31.509353584093
39765,435,989,3457,1147,236,39,3649342,2666,1014,10083,46,5.736447898548,36.840974929469
39660,431,970,3318,1078,229,40,3311861,3885,1024,11536,53,6.0364318567624,34.572921288604
39714,428,947,3425,1125,236,40,3465157,2662,985,10773,48,8.2850777297131,31.203676582702
39682,424,985,3328,1091,240,40,3691509,3085,1021,12121,52,4.3129250449612,33.900903896987
39669,423,968,3442,1131,242,41,3810113,3442,1001,10169,54,2.7602468074174,32.12785600041
39616,421,1002,3406,1103,246,41,3485503,3878,1040,11710,58,2.1011104772379,36.245396101688
39614,415,991,3392,1098,212,37,3945633,3322,1009,10043,54,4.3087077912477,31.693626916089
39736,412,955,3377,1098,222,38,3585496,2669,978,9700,55,3.4054381845107,36.284376156265
39720,411,982,3280,1065,234,39,3837731,3428,1017,10413,52,2.1929768917969,33.13154848292
39664,409,1012,3302,1076,237,41,3623535,3140,1044,11244,53,7.7147709325077,41.937167667016
39694,407,1000,3214,1049,220,38,3952588,2932,1027,11450,44,9.7074229010046,36.276314170008
39725,407,996,3181,1047,213,37,3527557,3100,1021,10668,51,3.7182893684545,33.06209617382
39645,406,996,3229,1053,211,37,3766807,2851,1019,10655,50,3.3629698014431,32.276177279523
39718,406,978,3226,1056,226,38,3453780,3191,1006,10645,35,7.0514736671785,29.6789869315
39702,402,980,3172,1032,213,35,3517760,3072,1007,10799,45,7.5287632189537,33.533301094798
39749,400,960,3192,1043,222,39,3679269,3368,1007,10863,49,4.2366017715795,33.060673444212
39885,399,1011,3156,1048,223,38,3211696,2223,1031,8441,49,6.8018237833606,34.179014945267
39679,398,980,3218,1031,221,37,3500664,3213,1010,10453,40,3.1244251120943,31.594029449622
39701,394,970,3072,995,197,36,3702025,3527,1017,9674,56,1.6045522006316,30.705363394714
39862,394,1009,3088,1021,228,38,3143994,2131,1032,9099,51,4.715421176075,37.860249583537
39768,394,987,3093,1016,219,37,3336273,2357,1013,9139,57,6.0345875911012,31.955071969223
39745,392,960,3165,1028,218,37,3268149,2833,1001,10542,57,1.7503181522756,41.618319486851
39709,392,1024,3103,1004,210,35,3764167,3361,1051,10374,54,6.7607649867332,39.438446578616
39680,388,972,3035,975,219,37,2971131,3739,1012,11586,44,3.6312768973783,33.257567785967
39670,387,999,3088,993,216,36,3594610,3749,1039,10918,49,2.1752524724415,33.321547095628
39751,386,957,3105,1007,224,37,3607142,3413,982,10924,47,17.665525606927,30.911473594152
39635,385,985,3080,992,216,37,3034439,3075,1026,10224,42,5.1237571316016,37.142606577614
39746,379,955,3089,1002,200,35,3467477,2950,989,10665,57,2.928275296574,32.046151136
39690,378,945,3051,994,199,35,3331488,3151,980,8584,37,6.5060501275665,32.590464945109
39761,377,985,2960,977,203,34,3171523,2841,1003,7924,34,7.9539968906204,33.503238911638
39735,376,958,3036,990,216,36,3064860,2399,986,9520,44,4.7322313988736,38.450354612053
39659,375,971,3048,979,214,35,3216274,2944,1008,10977,41,4.1567071164535,35.982221444808
39710,375,992,3010,960,192,33,3214337,3196,1017,10017,42,1.4223539714132,32.643002477267
39642,374,984,3055,973,206,36,3187507,2929,1013,10859,44,3.5465679489063,37.630677813053
39865,373,993,2846,944,181,33,3038319,2468,1011,10813,42,7.3373229847635,33.740004612114
39600,373,975,2990,953,210,35,3527103,3261,1006,11114,59,4.6380732510263,31.080407573912
39724,368,962,2883,932,186,31,3228540,2643,1004,10096,29,11.391693758492,33.664362187209
39558,365,951,2946,952,206,34,3643444,2645,987,10213,38,14.317804762318,34.133022665392
39732,365,939,2882,938,201,34,3302860,2424,970,10109,40,6.0348782634065,33.382000298678
39640,365,1007,2892,934,186,31,3048863,2787,1030,11289,40,2.7268935696712,31.24657560716
39762,363,1007,2906,945,190,31,3010114,2286,1026,9188,32,6.4383706447111,32.403698474446
39546,362,978,2909,926,181,31,3143399,2880,1001,10194,48,3.8222975442968,32.887077658259
39599,359,988,2859,941,204,34,3741535,2368,1014,8571,56,2.3811841698546,29.3506947817
39742,357,928,2859,928,192,32,3515444,3254,973,8795,33,1.7717819132776,31.690207088948
39757,357,965,2848,922,170,29,3017968,3059,1000,9836,32,7.4822512123205,33.093824243106
39858,354,1018,2829,925,210,35,3057574,2347,1046,9058,34,10.226297357794,34.244810874001
39850,352,1015,2820,923,184,30,3240573,2304,1038,8598,41,3.8402106037171,32.279270850733
39796,352,1008,2785,911,183,31,3297031,2554,1036,7954,50,2.7759341870379,33.127774138894
39797,350,1002,2794,905,186,32,3240261,2207,1013,8442,37,7.9074557240476,30.84990245722
39624,349,1000,2742,889,170,29,3016944,2080,1020,7859,38,10.630551272252,33.889206962644
39845,347,1032,2733,897,181,32,3401093,2161,1047,8540,46,13.444165491989,39.067526553777
39741,344,957,2786,888,177,31,3831383,2710,1012,9694,32,6.4658776702754,32.689166286179
39747,342,960,2698,868,163,28,3577056,2544,997,8940,51,12.859758789064,30.009322171857
39663,342,970,2736,859,202,34,2702034,2790,1010,10077,29,9.9960052443348,36.722505663049
39766,339,981,2766,892,196,33,3081683,2299,1001,7902,50,8.4091360893257,33.244341601069
39696,339,954,2741,875,161,28,2774400,2249,994,10388,29,8.756840152794,29.922598938368
39779,339,981,2683,878,177,29,3241980,2465,1004,9295,59,5.7910401864522,31.661907114743
39733,338,958,2647,858,161,28,3042024,2690,1006,9365,46,5.3607901534989,29.732347936588
39840,338,1004,2659,871,188,32,3015354,2141,1029,8322,49,10.633334179516,36.355491015979
39838,338,994,2727,884,192,32,3125362,2222,1016,8021,34,9.9481754449408,34.881313800166
39617,337,991,2715,846,159,29,2725802,2813,1022,9446,32,7.8890695561987,31.386216195437
39754,336,949,2700,864,181,31,3478572,2339,992,9222,37,1.956153537031,34.157002583603
39775,336,1013,2665,857,172,30,2840732,2276,1031,8219,48,3.4132460010604,36.471722039309
39656,336,984,2736,866,160,27,2922978,2911,1014,10474,43,5.6345994752573,33.569889255307
39923,336,1005,2712,886,166,28,2884072,1882,1023,7728,41,1.6209926991106,32.019875053419
39686,336,956,2752,874,169,29,3009173,2794,984,9002,38,2.3861443663198,37.121362354095
39637,335,982,2645,850,171,29,2935532,2560,1011,8943,48,5.3882993646944,31.197973207424
39727,332,1000,2740,874,172,31,3208116,2064,1020,9169,42,9.0863398914398,31.488400931019
39719,332,985,2535,820,188,32,2750517,2771,1011,10561,42,7.8753020254788,35.187318044738
39641,328,1005,2721,858,179,31,3165251,2381,1025,10092,52,1.7170486632303,32.808640040754
39602,328,987,2680,858,179,30,3345655,2360,1010,8214,58,1.6632250301449,28.658933287249
39821,327,979,2625,857,183,31,2939124,2262,1002,8659,41,7.256285217225,35.200442578874
39863,327,1024,2594,836,173,29,2636862,2420,1045,8817,35,3.8832754946114,37.697111024744
39703,326,1003,2564,812,157,27,2734345,2427,1029,11808,40,3.3188477327295,35.689631541585
39743,326,986,2619,841,167,29,3234327,2370,1009,8317,31,7.5144123244903,37.541101191005
39869,325,1031,2594,850,165,28,2871864,2113,1048,8510,41,3.6691459907542,35.372283613322
39868,325,1008,2609,840,174,29,2747129,2125,1031,7664,33,3.3330063858326,31.9127000853
39808,325,980,2623,848,174,29,3167338,2185,1004,8833,44,4.6359100531284,31.004886013828
39788,324,1010,2608,844,156,28,2662251,2524,1031,9882,45,1.6372092183883,31.259408864527
39795,323,988,2526,825,181,30,2687729,2001,1009,9429,43,3.5614242657896,32.200902768933
39889,322,1016,2482,807,185,32,2548708,2215,1040,9140,45,1.5720716484256,37.457920566557
39675,321,983,2575,818,172,30,2917877,2370,1009,9795,50,4.6015062756421,34.362547071989
39772,321,985,2596,836,181,30,2939233,2072,1003,9300,45,5.245082536887,37.897314141868
39769,319,1002,2442,785,169,30,3075162,1912,1027,9639,42,4.3105784733555,33.388902180731
39781,319,993,2608,822,181,31,2914191,2384,1006,9500,42,3.5215279776626,31.632807851983
39839,318,998,2527,826,166,28,2680938,1850,1026,8068,41,2.4547661731909,32.359975567485
39780,318,985,2508,799,172,29,2731813,2039,1001,8936,35,7.4916916892118,35.006849884622
39841,313,1002,2553,821,159,27,2701387,1970,1024,8574,26,6.461924461008,38.065027149784
39847,313,1021,2541,816,157,28,3147425,2222,1038,8765,37,2.0509754345781,31.176891327261
39699,312,977,2531,803,169,29,3641602,2535,1010,9274,42,9.05668332225,34.838124433319
39760,312,964,2538,816,175,30,2954649,2396,987,8247,35,6.2548227464833,31.577120557338
39567,311,978,2546,816,170,29,3273912,2457,1004,9177,64,2.1788193222535,33.816957915371
39569,309,1006,2477,790,158,27,3054683,2244,1019,7943,52,7.031619608063,35.264734711742
39748,309,998,2508,799,164,29,3139111,2548,1033,9043,54,2.5863728069424,31.065536291085
39758,309,997,2461,776,166,30,2667389,2490,1007,9602,40,3.0267603493184,40.949056000525
39857,309,994,2407,784,168,28,2867687,2027,1034,8719,44,3.6337379200333,34.779140097323
39693,309,989,2481,799,172,29,3053350,1944,1012,7951,43,2.5630207192741,31.967981705928
39767,306,985,2454,788,169,29,2568821,2429,1006,8829,33,5.7351008617828,34.714254748532
39638,306,973,2541,808,179,30,2836806,2315,997,9006,41,4.3712358133726,31.251537687907
39806,305,999,2458,787,164,28,2731597,2197,1023,9081,55,1.6156954333978,42.424606839423
39794,305,973,2411,785,163,28,3258980,2237,1000,7932,54,4.4671637477025,32.895839915987
39737,304,970,2501,783,148,24,2712642,2296,1000,7886,30,5.7428389057134,34.961609136334
39826,303,994,2497,789,164,27,3025123,2365,1014,8658,49,8.1000315594593,32.23970818436
39691,303,987,2486,777,157,27,2542237,2623,1007,9389,27,6.2724180637809,31.672290251336
39836,302,986,2481,798,174,29,2934752,2137,1004,8442,29,8.4830527588613,34.215897948456
39831,301,999,2298,740,141,26,2652893,2013,1030,7976,42,11.090084406485,34.427801782513
39901,299,1007,2285,742,142,26,2445216,2215,1025,8749,28,5.0993435689077,32.631542473278
39793,299,979,2392,762,151,26,3044366,2597,1006,9356,49,10.004127130773,33.876339741985
39784,299,976,2357,759,161,27,2920599,1845,995,7999,44,2.3302940993725,30.517937670786
39827,299,982,2342,759,148,25,2695471,2250,1006,8120,56,2.1558902334219,39.297746497268
39544,299,990,2431,764,139,23,2988464,2076,1023,9731,46,8.7049184688728,29.707779465127
39876,299,1001,2353,764,160,27,2339751,1824,1024,8281,34,12.538113038899,34.033319992172
39632,297,987,2497,783,150,26,2973233,2182,1003,7844,41,1.5928370658109,29.082265506797
39731,297,967,2431,781,168,29,2969795,2149,995,8113,50,1.0705677617264,29.346863686236
39612,296,955,2396,762,144,24,2789315,2115,988,8468,38,3.8893513848347,34.396748412409
39750,295,995,2415,760,162,27,2804419,2346,1030,9947,36,1.2921178137185,31.880487663467
39799,293,994,2339,754,152,25,2749305,1961,1021,8519,36,4.7383891947816,30.451257794416
39759,293,996,2332,733,157,27,2846374,2422,1017,8525,31,2.6599868333942,33.123740134435
39872,292,1024,2389,763,143,26,2628499,1977,1045,7895,43,6.3776842296302,35.299012910227
39803,292,1014,2452,761,158,26,2961039,1950,1033,6772,41,1.2608286836346,29.699657742627
39837,291,1012,2432,753,160,28,2545059,2267,1040,9056,33,1.3482851048626,38.133099716774
39818,289,985,2365,758,153,27,2658224,1725,1011,7875,42,2.7161920829064,31.761845960561
39801,289,1004,2298,715,156,26,2899049,2166,1019,8341,37,3.9968503490444,36.438516679848
39902,289,988,2300,731,160,27,2480130,1948,1010,9946,37,6.2150372530011,31.706349239666
39875,289,1017,2330,747,158,26,2491421,1766,1036,7925,37,4.8908410889805,34.472565231192
39813,289,988,2364,746,149,24,2754578,1990,1014,7995,40,1.4442064503421,31.22493357054
39982,289,1005,2327,759,158,26,2727934,1534,1016,7187,32,5.2344072015434,33.974457078662
39807,289,995,2398,752,156,27,2878033,2193,1013,7623,40,1.7568928788573,31.205386830418
39783,286,969,2272,716,153,26,2990464,2005,997,7857,35,1.9485130769554,29.211318544876
39947,286,997,2315,748,165,28,2960367,1745,1013,6791,38,7.3922226443551,35.74512433489
39877,285,997,2262,730,139,25,2420630,1857,1022,9075,34,2.493163121523,58.583018585624
39812,284,1011,2297,723,154,26,2895830,2187,1039,8486,46,7.5762917355302,40.449643728013
39634,284,971,2314,731,145,24,2992050,2251,994,7919,55,1.3045301626708,28.786477800644
39773,284,993,2324,724,151,25,2325251,2008,1008,8591,40,2.2937894692405,30.741640840259
39825,283,1057,2279,728,154,26,2776327,1859,1077,6920,35,4.1807226491164,30.969887912619
39728,283,960,2257,717,139,25,2962273,2248,990,7363,41,4.8340971764564,29.327179992153
39898,282,1014,2278,729,141,23,2922440,1916,1035,8308,40,6.7982003278384,33.113051504958
39706,281,990,2289,707,131,23,2772017,2451,1015,7231,48,2.0567516565365,29.656328386374
39855,280,989,2210,709,158,27,2637700,2062,1021,8339,43,2.4404849088504,38.425921154944
39890,279,996,2275,725,149,25,2735875,1992,1018,7510,42,1.0130593379987,32.111936721442
39846,279,993,2300,728,154,27,3165181,2004,1017,7469,40,7.835890787408,33.627555252126
39789,279,978,2312,726,151,25,2723313,1981,1003,8487,43,7.0351552312556,32.58752666966
39554,278,979,2252,718,150,25,2785858,1921,1000,7945,48,10.690057687555,28.4389559246
39835,277,1017,2255,706,134,24,2548169,1806,1043,8848,48,1.3412112140186,32.804497187135
39829,277,999,2183,690,138,25,2301872,2084,1022,8330,27,2.4603000604115,31.643356285732
39893,276,997,2201,707,155,26,2764110,1827,1026,6899,32,3.0663397347233,31.155420968577
39802,275,980,2163,693,150,25,2483698,1975,998,7953,25,11.923174747095,29.611200936513
39763,275,981,2221,681,150,25,2550593,1905,1013,8809,46,5.6778100192778,30.168365547657
39823,273,993,2245,701,146,26,2396727,2178,1012,8313,21,2.3564767012244,31.951239088259
39565,273,1019,2229,704,148,25,2729489,1865,1033,7517,38,4.8319762817334,30.929704455541
39915,273,993,2184,709,141,24,2758392,2014,1012,7343,39,4.2719001012534,36.098746432373
39782,272,990,2183,688,154,25,2626502,2243,1014,8829,33,2.764791101976,33.08975798243
39843,272,1021,2221,699,137,23,3069023,1993,1022,7941,51,9.9716153123157,29.948496991532
39852,271,1025,2157,677,140,25,2580278,2039,1056,9026,35,9.2406026600636,33.347900631667
39849,270,1005,2231,701,138,23,2662850,1811,1024,8258,48,3.7212770090681,36.747057422186
39815,269,993,2131,673,147,23,2498069,1819,1015,8109,28,3.9485755423197,34.478568198502
39882,269,1007,2196,691,146,25,2683481,2112,1030,7758,54,8.4067928561181,38.773266111224
39859,267,1011,2088,668,136,23,2537052,2091,1041,9364,36,2.3002015087487,36.209647962235
39867,266,1007,2152,687,145,26,2224261,2032,1030,9348,30,14.90328238899,34.871440841541
39787,266,996,2157,674,150,26,2776324,1906,1022,8333,31,2.7381479316753,28.536986696986
39790,265,1011,2140,666,145,25,2473356,2183,1037,8596,34,4.1381049134553,37.64802750243
39943,265,1005,2154,698,147,25,3138198,2063,1021,6612,28,6.0921158786487,33.083002504352
39860,264,1007,2113,656,138,23,2568068,1870,1020,7533,36,6.26968637186,34.414056606027
39918,264,991,2112,669,151,25,2349459,2020,1013,7064,43,59.216755346145,30.774809277631
39925,263,1026,2087,669,138,23,2296424,1959,1046,7884,35,3.7021317115096,39.468986503771
39753,263,987,2152,686,149,25,3345730,2031,1012,8157,37,11.393938501607,31.02364261309
39786,262,985,2105,669,138,23,2656701,1858,1008,8478,42,4.5617985729708,34.353688710466
39932,262,997,2118,678,147,25,2547651,1558,1016,7143,32,2.2408644066197,29.277915019879
39940,261,1010,2080,673,145,24,2835878,1533,1030,7044,42,2.237913707448,34.738627273574
39814,260,989,2143,672,139,23,2888086,1833,1014,7167,43,3.9292723819399,28.965659394824
39945,260,1006,2099,670,145,24,2482660,1911,1030,7553,37,2.8584544189058,28.181406130235
39955,259,997,2079,663,136,23,2625684,1751,1020,7416,37,6.514954810653,30.053133288353
39755,259,994,2164,664,125,22,2525527,1861,1019,8960,32,5.1114805959663,30.423842710474
39811,259,1005,2131,671,138,25,2296989,2171,1032,9250,39,12.971180114136,31.034067113713
39848,259,1019,2118,664,145,25,2270359,1880,1036,8751,49,4.4185822170435,32.630667438512
39899,258,985,2015,635,134,22,2133806,1918,1009,8328,33,1.5960271504214,41.674935539407
40032,257,998,2071,661,143,23,2640050,1721,1010,6221,30,9.7364119719918,30.657851847704
39738,257,959,2087,651,133,23,2788596,2154,986,8136,35,9.3695664508283,29.029408738062
39886,257,1005,2061,666,131,23,2540372,2008,1026,8396,27,1.8706054088352,31.5470922294
39828,256,993,2105,653,135,23,2022024,1874,1012,7872,28,17.369817598189,32.19974278854
39873,256,1011,2074,661,127,23,2161333,1703,1034,8812,35,2.4441378322825,32.787269713657
39864,255,1011,2080,643,134,22,2423172,1900,1036,9237,25,17.367802937353,36.390260615509
39973,255,1006,2056,661,135,22,2327093,1661,1018,8204,24,5.5111418847784,32.847872506215
39576,254,985,2138,649,145,24,2723178,1749,1015,8494,35,6.0450202012185,36.712880218064
39726,254,966,2174,659,123,20,2568067,1954,997,8252,48,21.886126304278,32.2206435135
39764,254,988,2144,653,139,23,2695322,1818,1011,7229,38,8.4586628019859,29.82434668435
39785,253,981,2104,648,136,24,2537466,1908,1007,8400,24,3.9627042023238,37.648288145322
39954,253,1001,2056,662,131,23,2223707,1607,1024,7596,33,14.132991157328,32.268232563532
39817,253,984,2022,632,130,21,2915048,2063,1004,7790,38,1.3037462947221,33.120102944043
39752,252,974,2078,640,125,21,2598457,2156,998,8214,43,4.2183663566128,28.86680263972
39903,250,1000,2016,637,147,25,2221811,1703,1027,8646,41,1.6812365377382,37.589943112418
39910,249,1003,2030,639,134,22,2651033,1662,1026,7445,36,12.045232990142,32.533430456838
39874,249,981,2056,644,140,23,2616906,1779,1008,8062,27,11.892233318552,29.695983422286
39895,248,1011,2028,628,136,22,2372119,2018,1025,7802,24,4.1297871904806,34.020389295864
39744,248,979,2041,617,123,22,2577258,2114,1000,7804,37,1.5494908817717,31.215440802016
39805,248,988,2075,645,133,23,2358121,2053,1001,7543,31,8.5532835959821,35.477194508019
39965,248,1007,2080,659,130,21,2326679,1573,1029,6919,27,7.0827604006883,31.224714979678
39771,247,985,2030,624,138,23,2728769,2109,1006,8115,35,5.4744236278242,30.557298396396
39824,247,987,2025,634,129,21,2621994,1746,1003,6941,36,1.5039272229251,30.932695237242
39891,247,991,2000,637,122,20,2555460,1563,1009,6928,33,3.3868047330795,30.063126694529
39912,247,1006,2068,637,131,21,2190919,1757,1029,9107,29,14.520403530362,31.144024011577
39842,245,1001,2007,625,137,24,2584036,1774,1025,7727,31,10.690381968701,29.966537095428
40039,245,988,1982,642,119,23,2553661,1582,1002,6584,27,17.728591509689,27.880132655522
39809,244,981,2027,626,130,22,2510711,1587,1006,8260,31,3.4346540786464,30.337145170393
39856,243,986,1966,616,123,21,2346230,1730,1002,7995,31,4.0953478349872,31.833076979528
39883,243,1011,1988,606,111,22,2360689,2052,1035,7713,30,1.5271122281146,34.393558950657
40048,242,1004,1968,641,134,22,2262069,1396,1022,6185,31,2.2993590836984,29.708764980203
40006,241,1005,1974,623,126,22,2612884,1708,1024,7421,39,6.8048925449208,34.872109948026
39936,241,1003,1935,618,123,22,2294089,1622,1020,7009,42,17.357539192599,32.446557018465
39906,241,1009,1971,617,133,22,2466215,1632,1024,7390,32,9.3633292033909,35.021268265474
39777,239,976,1960,608,128,23,2673996,1636,1003,8098,46,97.275986753415,30.107418322892
39851,239,1012,1922,598,136,22,2591586,1934,1035,8439,35,4.7412512630452,30.166605123786
39921,239,1001,1938,623,126,22,2450531,1422,1022,7924,36,3.5088928231511,35.484006247062
39904,239,976,1937,614,118,22,2155169,1610,1005,7769,39,4.193958605976,29.147570008947
39980,238,1009,1935,607,125,22,2404024,1770,1029,7164,31,11.276242009713,31.553090342481
39880,238,1008,1986,614,133,22,2352396,1635,1032,7641,27,3.7157130384837,30.516662388054
39844,237,1014,1993,608,135,22,2339487,1703,1036,8674,35,2.5970630136044,34.068091528491
39913,236,1008,1957,603,125,21,2120120,1790,1028,7518,30,17.523706101345,29.204391524862
39704,236,994,1980,608,106,19,2421190,1843,1021,7367,32,3.777935806503,30.02917012498
39854,235,994,1932,595,132,22,2126195,1718,1021,8008,23,2.7022480257285,31.30590329688
39822,235,982,1998,607,131,21,2416960,1799,1007,7943,40,4.4711890890575,30.087556565062
39819,235,1005,1928,598,109,20,2604760,1732,1024,7772,35,7.9356541421321,29.485970952269
39878,235,1009,1935,598,131,21,2348106,1567,1042,7725,26,12.766573432958,31.556492860269
39586,235,994,1888,600,121,20,2173374,1428,1006,7683,36,2.4418744401959,28.795367578487
39968,234,999,1895,587,106,19,2563961,1631,1024,6239,44,2.2488063342473,28.607672340221
39911,234,1007,1881,585,128,22,2304311,1547,1031,7472,32,2.4502625008202,30.775736216379
39897,234,1003,1886,582,120,20,2123415,1561,1023,8422,21,1.6142927780327,31.001624892014
39948,234,1005,1927,610,112,21,2486744,1548,1021,6284,37,14.525735863687,29.49402768217
39881,234,978,2010,612,126,21,2565345,1652,1011,7260,32,3.617898248867,29.688361183245
39916,233,985,1902,604,138,23,2978050,1442,1004,6891,31,7.7404338796731,30.039424197001
39970,233,1000,1926,605,115,21,2107499,1592,1018,7360,26,4.775162354171,31.236017714805
39866,233,1024,1959,584,133,22,2455078,1991,1048,8554,39,4.4196543180658,35.348427734476
39861,232,995,1926,589,114,19,2190402,1914,1016,7550,34,9.5436259655144,32.791831263518
40020,232,1024,1861,600,132,22,2236365,1449,1044,6368,36,16.565486904555,30.745759617799
39820,231,990,1953,598,130,21,2423245,1762,1018,7136,39,4.1718344019012,28.994198741296
39926,231,978,1861,594,132,22,2257732,1450,1002,7001,30,2.6268837868865,33.751229858105
40002,230,995,1892,600,130,22,2558158,1694,1007,6586,30,10.382097051998,35.563719067987
39987,229,982,1801,575,120,20,2375088,1459,1004,6462,31,4.6324173399279,29.158740651192
39996,229,994,1867,596,107,20,2104292,1364,1009,6866,33,9.468962168005,39.155805213094
39887,229,1008,1873,582,118,21,2448681,1605,1028,7622,40,3.0604853152843,33.434774022609
40102,229,991,1819,588,129,22,2470591,1502,1001,5472,43,3.7113154293575,28.733899604464
39983,229,998,1877,597,116,20,2455362,1535,1017,6008,46,8.1975141686581,29.882902404639
39919,229,987,1853,584,130,22,2412538,1602,1009,7801,37,1.6667458190476,36.549734427865
39816,228,993,1902,579,96,16,2356175,1670,1015,7382,29,3.9001148272545,30.338631774116
39834,228,994,1828,573,126,21,2102679,1744,1029,6678,36,10.72010828255,30.718785381389
39959,228,1024,1876,591,120,20,2395448,1589,1038,7393,28,6.1118695808874,35.722933035975
39946,227,1002,1905,588,112,20,2325722,1416,1026,7278,21,3.6928343502739,34.834856553228
39830,227,990,1913,594,109,18,2378623,1832,1010,7523,27,4.4630006034454,32.246343423316
39778,226,990,1962,582,107,19,2311398,1931,1016,7979,37,5.783967426732,32.443511088961
39715,226,989,1863,572,124,21,2487357,1833,1011,7089,38,3.2544921983481,33.564289404358
39909,225,988,1824,567,123,20,2309648,1517,1002,7814,25,2.6373961499873,29.020194579877
40090,225,995,1773,580,122,20,2272771,1471,1010,5401,30,2.4814885367228,32.962620952514
40011,225,982,1826,585,115,19,2255031,1139,1005,6470,31,14.878541765688,31.882955262291
39900,225,985,1888,586,129,21,2601706,1550,1006,7173,31,17.361525178721,35.202068546439
39920,224,1002,1883,571,108,18,2397039,1520,1021,6834,30,2.2756886397934,28.230230381737
40255,224,1055,1702,572,121,21,3011941,1257,1031,4928,84,6.5068527003177,29.868413713788
39960,223,1004,1807,557,100,17,2476929,1574,1032,6414,28,6.6726182258284,32.826163291417
39935,223,989,1792,551,112,19,2048551,1530,1011,6277,22,1.3905243444492,36.675500965376
39961,223,1011,1849,569,114,20,2413797,1552,1023,6356,23,5.4420908461683,34.284973723325
40009,223,999,1839,581,129,21,2373232,1689,1019,7112,35,3.9179829298841,28.574251070243
39896,223,987,1839,578,127,21,2350057,1472,1017,7245,40,4.0456149854844,32.179509481038
39625,223,996,1802,551,123,20,2212730,1577,1017,8016,43,17.527100726983,30.890776980291
40021,223,999,1856,583,117,20,2236901,1744,1021,5932,26,17.511845105435,29.923530363448
40065,223,1027,1794,583,132,22,2544740,1242,1036,5804,48,3.7170605032603,30.761422753536
40117,222,1006,1737,561,119,19,2336865,1399,1022,6390,39,2.1882615550465,31.528886991449
39929,221,1016,1818,563,115,19,2138159,1482,1034,7598,28,6.9280479763015,31.319093556048
39944,221,984,1879,561,128,22,2190962,1524,1014,7304,49,9.4427863890005,30.950144807653
39631,221,995,1833,542,120,20,2493653,1701,1020,7684,52,12.305880318688,29.137345591417
40035,221,995,1770,561,111,20,2205300,1287,1012,6042,33,1.1262332663095,30.751834136236
39853,221,990,1834,553,124,21,2182070,1637,1021,8258,29,2.8245369882689,28.977341386963
39942,220,988,1792,561,122,20,2355571,1395,1007,6350,36,5.9790334357511,30.838033918626
40052,220,997,1763,555,125,20,2399656,1698,1013,5477,43,9.4711452339922,29.127778666571
39776,219,1012,1882,577,103,18,2324221,1496,1035,7732,42,3.0479656576603,30.013745073138
39949,219,990,1804,565,104,19,2167747,1475,1017,8381,37,17.519927350896,32.056930971471
39972,219,994,1769,551,128,22,2232147,1399,1015,7049,37,17.354679341156,31.325627028052
40038,219,989,1802,580,129,22,2546742,1362,1005,6097,33,3.1394444950135,35.502855316766
39930,218,1000,1823,557,108,20,2088779,1557,1024,7053,26,8.1618765308342,30.905264109466
39774,218,976,1867,550,121,20,2162448,1964,1009,7389,34,5.9964191603822,29.216614632922
39832,217,996,1827,555,105,17,2069985,1603,1022,7664,23,2.8506638230415,34.775275286339
39990,217,989,1822,560,109,19,2211808,1548,1011,6246,23,4.1044645554465,33.951922342376
39888,216,997,1747,538,89,15,1952128,1398,1028,7130,18,10.080561288669,29.077870305072
39975,216,993,1792,558,114,20,2140094,1355,1018,6837,18,4.7615557211823,34.878456821594
39870,216,984,1803,545,122,21,2104240,1346,1012,7430,32,4.4043244702332,31.872788677205
39905,216,1003,1777,554,115,19,2222900,1571,1025,6802,31,2.5837450685354,29.81802624971
39833,216,998,1765,531,93,16,2144520,1599,1030,8202,28,3.52182346013,32.178580492332
39892,216,996,1731,515,117,20,2007200,1541,1011,7373,28,3.2610198093065,31.074487022413
40045,215,1001,1721,546,102,18,2479900,1253,1017,6709,29,9.8484475816408,30.998497795693
40025,215,990,1774,562,116,20,2284797,1302,1012,6118,23,3.180419518656,30.78853932473
39939,215,1001,1811,565,112,19,2236499,1436,1026,6630,33,1.8449058887847,29.67794378344
39999,214,1007,1764,551,120,20,2386744,1364,1032,6790,44,10.387869434528,30.412762345517
39917,214,999,1742,535,106,19,2463968,1643,1017,6423,24,1.9900164946256,29.56403034879
40079,214,999,1631,515,117,20,1916404,1472,1019,6635,36,2.8098990493301,32.287321463569
39879,214,1009,1780,548,109,18,2123118,1374,1030,6917,25,1.1212293543621,36.036756313256
39931,214,1009,1756,521,93,16,1895016,1538,1028,7516,25,2.4803314741349,27.15505843395
39993,214,998,1736,540,99,16,2336751,1378,1013,6453,28,2.7267895133434,32.556159008658
39981,213,1024,1758,535,113,19,2089525,1463,1038,6997,32,2.8527718507507,30.918633411165
39938,213,1006,1754,534,112,19,2282530,1442,1018,7168,26,4.4306561976632,30.345356004975
39934,213,1001,1732,541,109,20,2011926,1378,1022,7882,26,10.658550668731,30.893859433624
39705,212,999,1822,556,114,19,1745473,1627,1018,8122,33,4.923579310858,29.911579124421
40003,212,984,1706,528,122,21,1967162,1553,1008,6783,29,1.3639988422026,32.334836539722
39908,212,992,1724,522,111,18,2064134,1532,1014,7913,39,4.0199026116339,31.404569673182
39894,212,994,1801,548,126,21,1849288,1362,1015,8334,32,3.1462404789954,30.521057092081
39956,211,994,1755,547,113,19,2214241,1467,1013,7167,21,3.1866558115896,29.254480179024
39884,211,995,1774,533,107,18,2021680,1347,1013,7336,32,3.5105453452111,30.139428114894
39979,211,999,1707,539,100,18,2172190,1426,1012,6335,31,9.7480905691648,29.694023226466
39971,210,988,1724,541,114,19,2270368,1575,1015,6684,35,3.9272004808572,30.960579280404
40029,209,979,1723,549,106,17,2981076,1334,1000,5539,42,4.92706913787,28.606925367138
40077,209,999,1729,552,116,20,2184925,1270,1010,5564,18,6.3902692199562,29.012651448211
40144,209,990,1655,542,112,19,2218239,1322,1014,5409,43,5.1219568023856,28.719672600632
40103,209,1006,1647,520,120,20,2489402,1219,1015,5911,53,12.830512853663,31.079039007842
39976,209,976,1766,539,115,20,2162187,1421,994,6933,32,1.3105115929775,29.604704257605
39963,208,1008,1695,521,102,18,2279467,1409,1025,6064,28,10.77677656182,32.158218712813
40005,207,1012,1712,545,92,15,2260015,1376,1028,6420,31,2.1317067175062,34.469574121548
40119,207,991,1639,529,106,18,2137809,1130,1009,5686,31,2.0897806616287,34.825888414054
39937,206,1014,1713,524,99,17,1812887,1497,1036,9023,28,9.5394630897725,29.928644604835
39922,206,996,1759,539,103,17,2056598,1405,1015,7179,24,6.3997695620345,32.609030759835
40183,206,1002,1611,527,97,16,2597393,1324,1011,5115,46,1.6747011804687,29.450775744992
39933,206,995,1713,530,98,17,2004325,1390,1014,7460,31,5.7946106668691,29.875852714017
39967,205,998,1709,526,102,17,2438211,1333,1021,5975,29,17.552186927671,28.310061706755
39992,205,1002,1672,514,120,20,1950864,1437,1020,5902,28,4.0304262525968,30.030573072417
39798,205,955,1727,519,103,18,2040369,1470,990,6917,26,3.7440135795102,28.680810430899
40026,205,1002,1681,532,110,18,2327379,1255,1019,6419,29,7.3287630689602,31.004978222267
40019,205,1037,1681,531,114,19,2979675,1367,1022,5578,50,7.7363595793976,33.976693126686
40047,205,978,1648,522,114,19,2253428,1104,1002,7148,23,1.4060113645251,30.439730814106
40027,205,994,1710,532,112,19,2066616,1288,1009,6387,31,14.980151531155,32.073400270013
40037,204,992,1718,534,112,19,2119078,1330,1013,6990,30,7.3581646947424,29.101694634429
39941,204,994,1719,534,116,19,2287344,1403,1022,6492,28,3.5015101761441,28.501242562889
40097,203,994,1629,525,117,19,2212808,1369,1005,5670,43,5.4457932572971,33.783771059597
40007,203,988,1601,494,102,17,1902103,1376,1011,7615,26,3.8531224105761,30.277617218674
39974,203,989,1691,522,119,20,2383209,1523,1015,6060,31,3.5641983352725,31.194370640791
40000,201,993,1715,529,114,19,2175260,1381,1011,6500,46,5.0555093700695,28.814684133159
39770,201,967,1656,502,107,20,2235095,1319,989,6613,35,8.5061986920326,30.21297838468
39928,201,1000,1638,487,70,12,1853949,1450,1022,6047,23,2.1327831028329,29.603148578495
39927,200,993,1664,501,114,20,2186419,1555,1017,6597,26,7.5165090924303,30.32520971781
40187,199,997,1565,506,114,19,2005651,1405,1008,5501,49,5.8424273422323,33.703148833505
39984,199,1015,1615,508,115,19,2049100,1202,1029,5891,24,16.560231513899,30.031186859558
39871,199,995,1684,504,118,20,2252818,1317,1017,8013,34,5.5665221571511,37.743227351321
40126,199,991,1638,527,108,18,2090249,1017,1003,5694,37,2.7066783893521,33.74721572542
40081,196,984,1592,503,98,18,2060118,1152,1000,5877,34,3.7309193680394,26.73814703403
40030,196,998,1620,507,96,17,2576985,1358,1010,5269,23,6.021469629195,32.950047023026
40017,196,996,1595,497,105,18,2167788,1288,1024,6075,35,7.1985320614005,33.271303593443
40001,196,1001,1614,506,97,18,1897492,1304,1016,7412,40,1.9896948048264,31.301011679267
39951,195,995,1574,495,103,17,2150374,1379,1009,5559,22,6.3832184843684,34.514392556252
39978,195,987,1637,505,99,16,2208237,1379,1003,6131,41,6.6256662781965,34.299548545047
39953,195,979,1687,510,94,17,2063885,1397,1001,6554,34,3.0538140107151,27.764534267384
40056,195,1002,1609,505,114,19,2235448,1221,1019,6037,33,17.596302876569,30.871543783322
39966,194,1004,1650,513,89,16,2139901,1342,1022,6924,32,8.2642965169064,31.600465884055
39991,194,1004,1654,502,102,18,2035481,1382,1024,6551,26,4.0206697359312,34.584437366364
40028,194,1007,1621,502,96,16,2182342,1303,1024,5045,24,5.9286816442998,35.466767102413
39950,194,996,1675,512,88,15,2050467,1376,1016,6695,29,14.72551279448,29.409258472167
40012,194,998,1590,486,108,18,2376761,1427,1019,5948,29,4.5738951563457,29.811713129096
40031,193,988,1565,488,109,18,2012526,1100,1003,5763,24,2.0238108417387,31.940257672278
40059,193,985,1531,482,104,17,2155589,1141,1002,5188,30,4.6124013463304,28.787408697212
40024,193,988,1544,489,108,18,2159106,1107,1005,6113,26,2.6254254462176,32.392826294627
39907,192,994,1570,466,105,18,1865280,1422,1013,6997,27,4.0577120159086,31.119716662569
40066,192,1010,1554,482,114,19,2061171,1253,1020,6003,29,3.3695409401825,29.643094512884
40036,192,996,1603,496,103,18,2101507,1271,1010,5742,28,5.0626995530977,32.110796988291
40118,192,993,1632,508,114,19,2039600,1304,1006,5304,35,21.262987488922,26.909133820817
39988,192,1005,1647,497,108,18,2334620,1324,1016,5865,32,1.7293840653067,31.390876467225
40043,191,1005,1564,487,96,16,1912131,1161,1016,5971,31,3.859724173957,35.470847184676
40054,191,1012,1588,497,109,19,1906630,1348,1025,5923,28,3.3747538824238,30.183872954583
40051,190,991,1525,484,109,19,2033501,1105,1003,4928,41,9.7746185069276,32.62970217429
39914,190,997,1643,488,109,18,2065428,1249,1017,6900,33,12.773990627168,29.817571770628
39995,190,995,1560,480,109,18,1719397,1214,1013,6948,32,1.6834937273897,30.999678691851
40067,190,984,1498,463,96,16,2259782,1269,1001,5547,36,10.753849770768,31.425239730299
39792,190,976,1659,475,86,15,1845995,1458,996,7423,24,17.366994596702,32.223263968534
39924,190,995,1596,470,87,16,2167344,1513,1026,7356,17,21.422489272499,27.777346099276
39964,189,994,1552,473,85,14,2150615,1238,1017,5769,34,4.1686240249772,28.012157411455
39997,189,995,1584,488,88,16,2046528,1351,1011,5791,28,4.1539424803034,32.82528616938
39994,189,988,1587,482,104,19,2151972,1325,1008,6618,31,3.3986589405023,29.4609392696
40115,189,986,1535,489,106,18,2081413,1191,1004,6144,39,2.6606866384191,29.074700697579
39998,189,980,1553,479,111,19,2020876,1121,1002,6764,37,3.4181789620916,33.424783560352
40091,189,1004,1592,493,105,18,2373225,1101,1013,5173,45,2.8811728827195,30.754422115941
39962,189,1009,1614,476,84,17,1787574,1514,1028,6900,31,1.0783741272607,31.961832336126
40060,189,1009,1592,493,103,18,1802012,1209,1023,6300,34,2.5449423379296,30.374834010978
40108,189,988,1565,493,102,18,2195390,1244,1004,5412,40,4.9930718135036,27.366184469871
40150,189,1008,1520,479,96,16,2396059,1193,1020,4749,40,2.8159184461575,28.37662506287
40018,187,980,1602,499,105,17,1922000,1037,1005,5779,25,9.9595634990634,31.938040405766
40080,187,986,1539,477,102,17,2138648,1286,999,5480,29,17.343112581931,29.38434624845
40139,186,990,1535,485,108,18,2136291,1026,1004,5567,18,7.4958361245821,30.927397985478
40232,186,1014,1510,499,103,18,2149331,1025,1018,4697,52,13.947902450133,35.65748549092
39952,186,990,1573,474,102,17,2127560,1163,1009,6304,22,2.4052774995336,35.838393861805
40015,186,988,1582,489,97,16,2161030,1064,1005,5259,28,7.6540553007966,33.114989856684
40073,186,1003,1542,475,98,16,2015315,1279,1020,6058,30,1.8438434905915,32.963037618323
40063,186,990,1538,483,102,17,2129118,1280,1004,5185,25,2.0545554882634,28.390897617636
39985,185,998,1559,474,101,17,1752632,1326,1011,7222,25,17.515911286193,32.713040323318
40044,185,998,1524,474,90,15,2113385,1328,1017,5488,33,17.347278985441,28.404312215074
40004,184,992,1588,471,93,15,2058202,1291,1007,6254,25,6.294183120863,29.670905418778
40105,184,1007,1481,465,97,17,2511564,1160,1019,5665,34,8.0576780855948,34.541495238975
40110,183,998,1511,477,100,17,2055773,1129,1011,6106,34,10.920311095448,32.85036387207
40033,182,1004,1476,452,108,18,2252986,1286,1020,5739,24,1.911862696961,41.290245604832
40111,182,990,1463,463,102,17,2124664,1227,1010,5938,69,2.5898781452984,29.774710166228
40188,182,998,1406,460,102,17,2096602,1051,1007,4756,48,17.452441981616,27.594799440365
40061,182,988,1501,467,96,16,2068999,1238,1019,5451,24,3.013607771294,28.903756253583
40071,181,996,1518,477,98,17,1919962,1215,1014,5671,28,3.8322960514712,27.417654136555
40131,181,997,1457,459,97,16,1977561,1148,1008,4792,38,1.5254240693818,27.668714912329
40064,181,985,1476,466,103,17,2039135,1136,1003,4777,41,3.2743796768632,31.270396253035
40177,181,995,1439,469,97,17,2109892,1189,1006,4538,39,3.3176187388863,31.455540382753
40116,180,1008,1486,470,95,16,1819776,1172,1019,6049,29,17.4478546042,30.311601415371
39989,180,997,1513,458,108,18,2041603,1260,1019,6601,40,3.0133035381373,28.304670462427
40134,180,987,1436,456,101,15,2146454,1319,1001,4925,31,3.7299778869047,28.363611030475
40069,180,992,1469,458,96,17,1984971,1251,1012,5948,34,4.4930171620438,36.92177721193
40175,180,1006,1429,456,102,17,1935886,1340,1015,5376,55,4.7142373122955,30.683510666863
40182,179,998,1438,464,98,17,2097330,1024,1013,4929,41,5.0969865124189,33.791932079031
40010,179,1013,1519,454,104,18,1978757,1382,1027,6336,32,1.6840926730793,31.302029280065
40068,179,995,1464,460,94,17,2034508,1044,1010,5805,40,1.9226456526978,31.774890539204
40023,179,1002,1499,444,96,17,1890275,1406,1014,6837,42,8.7846377363226,29.836908940094
40113,179,991,1437,453,98,16,2113524,984,1015,5056,37,3.5843580502386,34.032165045967
40093,179,986,1431,445,96,16,1891659,1195,1003,6262,31,18.790179166021,30.580408259718
39957,179,1005,1571,467,87,15,1996011,1239,1022,7425,24,3.5493666210867,30.569268538818
40076,178,993,1539,470,102,17,2064016,1226,1009,5668,24,1.152549989509,31.159634197797
39958,178,1003,1528,443,89,16,1875069,1234,1023,6209,26,2.6419163915511,28.353705875467
40041,177,985,1495,443,84,14,2120698,1349,1000,6190,35,1.8982599730841,32.210606114154
40109,177,986,1470,468,98,16,1894397,889,998,5214,33,5.5603663720181,30.285025172618
40046,177,988,1527,470,85,15,2157553,1141,1005,5919,29,4.5110333003995,31.368753380395
40022,177,988,1507,456,102,17,2013697,1148,1001,5964,28,16.705883307334,27.644998643386
40087,177,992,1502,460,96,16,2042833,1264,1005,5198,28,1.9581371471748,33.556827155475
40057,176,992,1499,447,90,15,1811117,1258,1011,5519,28,18.786072892421,28.331951510408
40008,176,997,1504,452,88,15,1769899,1271,1019,6173,25,17.351899675218,30.111962794878
40083,176,993,1481,460,102,16,2069809,1101,1016,5037,26,14.884191635754,32.445059110608
40094,176,984,1458,461,96,16,2223086,1003,994,4987,41,21.463532277881,26.850928158572
40143,175,1009,1464,462,93,16,2416965,1159,1016,4604,33,4.008928075662,28.438463414516
40128,175,1001,1372,437,76,12,1995019,903,1019,4637,28,20.220974445939,28.519403442521
40050,175,1002,1476,448,97,17,2030668,1292,1014,6257,26,7.0832391197497,29.372904697996
40085,175,997,1380,428,97,16,1853947,1355,1010,5112,34,0.99186017304257,28.818935779838
40171,174,996,1423,459,96,16,1897224,1018,1008,5026,41,3.2165272984991,31.775157978175
40114,174,977,1440,452,97,16,1999016,1127,995,4515,25,7.3584306683551,29.052338525319
40034,174,983,1493,456,96,17,2090219,1392,1000,5290,25,1.7808276754208,27.231908498882
40040,174,990,1495,446,102,17,2224358,1163,1011,5663,36,7.5671299620807,28.047889079518
40070,174,994,1462,449,84,14,2054958,1112,1008,5538,22,4.9247809812909,27.204342011723
39969,174,988,1479,441,89,15,2039121,1225,1009,5587,32,2.9318452703993,27.308392812038
40058,174,993,1449,453,82,14,2081671,1020,1007,5707,29,21.468677440463,31.160772283108
40164,174,997,1436,459,95,15,2108720,1092,1005,4300,35,20.238070458443,27.481051805732
40100,174,1000,1457,459,90,15,1932905,1215,1014,5158,34,4.7183754872406,31.516048251617
40138,173,1002,1452,455,97,16,1905835,1237,1009,4870,26,2.4586756941186,28.931774181295
40072,172,998,1454,442,97,16,2001907,1144,1008,6061,37,3.3220261096771,31.311409007001
40104,172,991,1430,442,90,15,2003277,1272,1010,5700,33,5.1492328424821,28.393758138388
40053,172,1010,1438,442,96,16,1903819,1231,1026,6283,26,6.4403475805487,30.640760073501
40130,170,990,1373,435,96,16,1827142,1096,1003,5114,35,21.458002694742,27.427481168743
40112,170,998,1389,432,86,15,1973080,1149,1017,5106,40,4.9164181645914,34.222927071935
40088,170,998,1372,419,90,15,1869234,1217,1016,4660,33,14.27092330549,27.847954489912
40016,169,974,1466,440,85,14,2030736,1189,1000,5419,24,5.3929604304635,26.43854315352
40168,169,998,1377,440,92,15,1748847,889,1008,4543,42,2.3010809578144,29.256491462709
40082,168,1008,1426,431,85,14,1911963,1003,1021,5368,28,5.5929237075473,26.82588154842
40106,166,983,1412,442,96,16,2136909,938,999,5610,27,6.8161744173189,30.7852643351
40074,166,1018,1423,429,88,15,1934674,1104,1032,4902,39,10.110643583627,28.44277838914
40153,166,1004,1375,429,79,15,1739243,1030,1011,5053,18,4.559746324634,31.464114037645
40129,165,991,1356,431,90,16,1830072,1029,1008,6223,23,20.960945124483,29.864727723638
40181,165,996,1381,431,82,14,1797934,1149,1011,5272,39,2.2644243007855,32.511511905889
40014,165,1004,1365,413,78,13,1686192,1041,1011,5402,30,5.3734453508748,31.137528874072
40151,165,992,1343,422,90,15,1859167,1037,1000,5918,25,13.259625536466,29.94074362551
40185,165,986,1362,426,80,12,1779793,1082,997,4418,35,18.743425318916,31.325787170754
40161,165,1000,1314,415,96,16,1696638,992,1010,4541,31,3.3127898343573,28.732799491392
40152,165,1003,1370,429,94,16,1913948,1045,1011,5411,29,17.452087632432,32.378523154313
40155,164,1017,1360,437,89,15,2133545,1025,1022,5362,40,2.1581893414568,33.103225784927
40089,164,993,1348,411,76,13,1877158,975,999,5394,28,2.4656968638115,25.705543966822
40042,164,987,1436,416,83,14,1927596,1178,1005,5881,33,10.765002938361,30.360121735394
40049,163,984,1353,408,90,16,1920439,1304,1004,5665,28,3.6393498331602,29.280118815633
39977,162,997,1393,412,94,16,1725310,1021,1026,6692,27,1.6781587924776,28.581301458742
40078,161,1000,1326,404,84,14,1798117,1069,1011,5582,27,6.9884481407932,29.938280937307
40156,161,1011,1308,410,84,14,1975455,1161,1024,4478,27,1.4541503416043,28.280146642698
40140,161,1004,1300,401,80,14,1811874,1107,1009,4767,33,3.3064360598055,33.102132839563
40219,161,990,1270,411,92,15,1955347,758,996,4103,37,6.5045682977126,28.357197814812
40145,160,993,1322,415,91,15,1843265,1072,1003,4609,33,1.7145640855351,27.433531540833
40178,160,1004,1290,410,95,15,2032241,966,1014,4953,48,6.9348692979404,29.549819984742
40158,160,1008,1311,409,86,15,1832550,917,1015,4653,51,2.7558690742855,31.419406097693
40135,160,997,1316,409,90,15,1832429,1010,1011,4643,30,5.2409718938596,29.831703253437
40216,159,1015,1260,404,93,16,2007807,927,1022,5363,54,2.3811551369824,32.359028697425
40137,159,994,1314,406,78,13,1909875,1155,1008,4897,45,6.1492862710478,27.916196093627
40184,159,999,1348,416,71,13,1944182,1038,1008,4218,43,4.5634100943662,32.621468025093
40055,159,985,1329,404,88,16,1636873,974,1003,4656,39,1.0227781878131,28.212614816734
40165,159,993,1259,397,80,15,1927326,1080,1006,4188,40,20.96072785665,32.640057788314
40290,159,1012,1301,427,74,12,1797677,832,1018,3931,55,4.5463207806227,31.078962479221
40101,158,991,1420,422,82,15,1938712,1157,1008,6125,32,8.7829040656209,31.056003302618
40142,158,990,1328,406,84,14,2058740,1071,999,5154,47,6.8911170916416,27.86723659395
40133,158,998,1314,402,73,12,1945489,1119,1011,4708,27,6.5722855032429,26.823574131125
40062,157,998,1374,411,80,13,1634590,1267,1015,6364,28,2.2995444924432,36.689474326909
40193,157,1002,1283,410,80,15,2027825,920,1012,5132,50,1.7319933433594,35.337161870136
40263,156,1009,1211,401,84,14,1730658,888,1013,4082,53,6.4577442943965,29.717462214553
40226,156,994,1273,408,71,12,1754829,1045,1012,4226,39,23.168548116217,26.966569705164
40086,156,1000,1339,397,80,14,1985453,1195,1013,5080,29,2.0721638804209,32.131309626656
40192,156,998,1243,385,85,14,1590881,845,1004,4609,38,5.5467984104871,32.612859757462
40221,155,997,1269,406,90,15,1815363,815,1001,4142,48,4.4713714841878,29.185177495886
40170,155,992,1306,400,73,13,1862045,916,1002,4260,44,3.7096609635121,27.882367210395
40176,155,988,1222,390,85,14,1740039,948,1001,4183,21,3.8743185749061,32.355017901826
40236,155,1000,1225,396,85,14,2184346,938,1004,4839,39,22.100539988633,29.695390184663
40092,155,997,1276,386,81,15,1735173,1153,1016,4833,32,18.088718565308,27.510179175359
40174,154,1000,1268,399,81,14,1704859,753,1006,4580,36,1.3546261415955,28.368095955142
40084,154,991,1273,385,72,12,1762012,985,1006,5102,27,4.5306035397063,28.650393424885
40098,154,989,1304,393,78,14,1910984,1087,1011,4882,31,4.6587862718194,29.592038171114
40121,154,999,1298,403,85,15,1711101,1198,1019,5847,22,5.7435106631848,30.714999610814
40180,154,999,1281,392,78,14,1696657,1027,1006,4897,27,2.4315518638802,30.850210798021
40146,154,992,1245,390,90,15,1697195,747,1001,5113,35,2.5222696255707,34.845864996119
40179,153,997,1278,405,90,15,1875081,900,1005,4476,35,1.3342278745982,27.841511857749
40229,153,999,1264,407,82,14,1793534,1097,1006,4817,64,2.1949970720202,27.676466336411
40234,153,1002,1226,400,88,15,1848946,956,1010,4988,44,9.3824978087533,25.780719709644
40191,153,994,1213,386,76,13,1592751,990,1007,4692,21,2.6291886296006,31.38536429245
40247,153,997,1200,389,90,15,1839498,945,1005,4294,40,14.572595325374,27.022115811033
40224,153,1000,1243,400,85,14,1838684,765,1009,4420,36,19.057291794872,28.778714850854
40280,152,1019,1167,381,79,13,1721758,914,1023,3794,62,3.5852169940968,27.631961886729
40096,152,993,1312,393,87,15,1849260,930,1007,5196,25,6.3661062929909,31.795817267194
40120,152,999,1294,388,84,14,1479136,965,1015,5249,18,2.6362383831139,29.840355858616
40136,151,998,1255,389,81,14,1891212,970,1006,4239,45,14.220545261014,27.223470701809
40260,151,1011,1209,393,84,14,1749450,890,1017,4571,36,19.099903610861,32.928528805195
40207,150,996,1195,387,80,13,1851720,838,1009,4533,45,9.0248286253963,27.818027709552
40148,150,1006,1245,383,82,14,1667507,991,1012,4520,35,3.7085226089771,29.646143349253
40166,149,1009,1200,365,81,14,1489919,1101,1019,4365,36,23.012897182086,31.220730982584
40163,149,996,1258,388,78,13,1793503,981,1009,5119,30,3.6217532651261,36.753411292811
40257,149,990,1205,389,81,14,1923991,920,998,4237,47,2.1566877673035,27.598979739128
40252,149,1000,1220,390,75,15,1786443,931,1008,3805,65,3.9432797385473,26.776445009336
40162,149,990,1261,389,68,12,1878627,1028,1001,4590,41,9.957381697651,34.290127571299
40250,149,1002,1209,393,69,12,1759450,874,1006,4133,44,5.0675928900224,25.471404950099
40217,148,995,1245,391,78,13,1646801,994,1010,4316,45,4.4771753994395,31.594356345914
40122,148,997,1264,379,63,11,1900977,894,1011,4993,32,1.80771335937,27.367425061606
40125,148,1002,1293,387,73,14,1936197,900,1014,4651,35,1.7866898137081,28.330915807309
40208,147,982,1196,376,78,13,1835092,871,994,3873,33,2.4343974002961,26.68279940462
40227,147,997,1217,391,73,12,1749625,865,1001,4552,46,5.747069352036,31.800704474501
40223,147,990,1182,369,73,13,1598714,921,999,4242,29,13.97629568199,28.5971754065
40186,147,989,1215,368,67,12,1701604,909,1003,4488,28,6.527973136051,27.143257502585
40123,147,981,1247,389,78,13,1894776,828,996,4482,42,9.3504070484994,37.075473351695
40095,146,1002,1263,380,78,13,1854406,884,1015,5578,25,6.7797198199322,31.091293279037
40141,146,1004,1248,377,66,11,1562463,1078,1016,4961,32,7.998277422636,27.99023245844
40013,146,993,1318,381,65,12,1467918,1069,1008,5514,25,2.3834473328362,39.005168159041
40132,145,980,1204,380,82,13,1575961,834,991,4301,25,4.4703767918263,27.424840323004
40258,144,999,1163,372,84,14,1819638,877,1006,4776,31,6.5279330434769,28.519862563977
40107,144,1006,1239,372,76,14,1734615,875,1015,5459,28,1.4632600299963,33.382268360782
40124,144,997,1264,378,73,12,1569104,1020,1010,4810,33,2.0273371170521,31.514934714463
40149,144,998,1220,367,71,12,1709590,1071,1008,4716,23,2.3766969421077,30.014169590229
40195,144,994,1155,374,84,14,1674584,807,1005,4272,26,2.5691797423235,31.260973966086
40291,144,999,1147,369,75,14,1603789,927,1005,4649,49,2.4287713075033,28.312253542266
40282,144,1005,1187,380,72,12,1635484,841,1011,4489,48,6.6598755659243,28.722884102096
40295,143,984,1133,370,80,14,1219080,911,994,4845,50,2.878668351416,30.633922589691
40075,143,1002,1268,363,83,14,1798099,1026,1009,4905,23,16.72795005834,28.694592788758
40253,143,1012,1159,368,62,11,1641139,806,1018,4502,35,2.2495967255205,32.187821960996
40201,143,1006,1182,366,75,12,1673634,850,1015,4445,30,23.059671614151,26.950198551005
40256,143,1007,1132,370,84,14,1641171,707,1014,4695,34,2.0153888361443,37.171499479534
40159,142,991,1180,365,78,13,1696705,969,1009,5478,34,5.8123609011721,29.46691346711
40289,142,1012,1139,372,82,14,1769730,765,1018,4217,71,3.1898242484942,27.744535045701
40254,141,999,1133,360,84,14,1622642,849,1005,4282,38,4.5490002018873,27.178008419174
40246,141,1001,1174,374,79,13,1858355,780,1011,4255,51,2.3885132586498,31.655677147492
40154,141,986,1210,358,72,13,1620057,1062,1003,5623,36,21.266088179426,26.510415622097
40167,140,1000,1128,350,74,12,1791112,934,1008,4173,42,1.0106539387985,27.564958206457
40099,140,1007,1194,355,84,14,1616248,806,1023,5061,22,10.152699716759,33.620338401491
40173,140,995,1156,354,79,13,1712782,862,1005,4624,31,1.1656729737026,30.875309092568
40190,139,1007,1170,364,61,11,1796780,973,1017,4274,36,23.157068073471,26.410950022421
40212,139,1004,1167,367,67,13,1873875,770,1005,4024,52,7.4197529152205,31.571278677038
40157,139,997,1196,370,66,11,1847099,778,1006,4759,46,2.9026726185529,27.715610643417
40287,139,1004,1087,360,72,13,1778735,650,1012,3940,69,3.3935238128152,28.56495262582
40278,139,997,1140,362,75,12,1578479,844,1005,3969,56,9.7963285591321,27.963305908834
40259,139,999,1055,333,58,11,1541206,794,1011,4576,42,3.0025488463873,30.337302241999
40218,138,1006,1109,356,65,11,1562683,869,1012,4059,34,12.862891217438,28.367812668987
40160,138,999,1145,350,72,12,1714970,957,1003,4331,23,2.8669227784695,27.961226550855
40197,137,1013,1190,364,72,12,1649426,921,1018,4672,37,2.5590214601128,28.373416558803
40222,136,994,1062,333,72,12,1348944,926,1004,4513,33,4.3029587975314,27.262967148296
40271,135,999,1066,346,67,12,1768549,700,1003,3713,50,3.6626512798975,39.865199499469
40237,135,997,1065,340,67,12,1521538,863,1006,5218,29,23.062187734847,28.835594560881
40210,134,1012,1104,344,72,13,1776482,879,1022,4787,30,3.1208012508387,25.883798000871
40189,134,996,1143,340,70,12,1672726,941,1009,4231,30,3.4510804796503,29.34576083596
40172,133,1001,1152,343,69,12,1598254,864,1014,4388,22,2.599355895128,28.707168833909
40251,133,996,1045,336,78,13,1639375,845,1003,4636,30,6.2621298392769,29.384739903157
40215,133,1004,1088,334,70,11,1614018,888,1011,4142,36,1.3109908606457,26.515332610518
40245,133,992,1106,351,72,12,1771335,816,999,4299,30,1.2936091239832,27.097224079188
40205,132,992,1056,333,68,11,1554537,717,998,3977,30,5.4648526391283,26.587949383621
40225,132,993,1014,312,57,10,1637602,885,998,4374,37,1.2064719174202,24.954118661477
40147,132,984,1128,323,62,11,1527494,879,994,4541,31,2.187307092588,26.339071828048
40265,132,997,1058,345,67,12,1629578,627,1003,3637,34,3.0398731463377,28.472469071025
40220,132,988,1091,332,55,9,1536016,847,999,4273,44,2.641819137991,25.102599276378
40267,131,1002,1042,339,72,12,1458253,614,1009,4100,61,9.2500029342253,29.672122480835
40203,131,1002,1091,335,66,11,1636770,833,1016,4140,44,5.3373463374733,28.486308863453
40204,131,1006,1100,341,64,11,1541699,843,1014,5100,28,2.1994559582555,28.64553661693
40169,130,990,1099,336,72,12,1752313,730,1002,4245,39,5.9773375188583,29.097748226545
40284,130,1016,1029,335,72,12,1578864,764,1018,3851,52,2.9471298529486,27.869994337191
40286,129,1006,1045,338,66,11,1433271,622,1008,4447,38,6.8730419969747,33.163822741271
40273,129,1006,1045,338,64,11,1576141,661,1008,3875,61,24.131521342681,30.821108885239
40244,129,999,1074,341,61,10,1642942,952,1008,3600,54,15.657572322815,27.112263164995
40328,129,991,990,321,63,12,1446721,687,993,3349,72,2.9511200742122,25.721609742424
40194,129,996,1050,324,63,11,1658729,769,1004,4152,51,1.4621924406621,26.946539859782
40231,129,1006,1046,327,66,11,1567714,919,1014,4275,45,7.0149574053448,27.000121258317
40322,128,1008,1035,341,67,11,1449222,774,1012,4064,65,4.1943216934302,31.473448071681
40196,128,992,1097,341,71,12,1446074,722,1000,3825,23,5.8189524562813,30.784789012925
40202,127,993,1115,339,72,12,1591669,941,1002,4112,34,23.421988755297,31.531357828649
40293,127,999,1011,327,66,11,1647103,733,1004,4103,49,18.718277117568,27.406972134026
40261,127,1002,1033,323,61,10,1589840,709,1010,4187,43,1.4710133879899,25.613133107391
40294,126,1001,972,310,64,11,1680304,619,1009,4111,39,15.35793510999,29.021447197023
40276,126,1008,1007,328,58,11,1529465,743,1010,4051,56,2.1830494426257,31.304185456288
40240,126,995,1050,329,66,11,1418533,660,998,3856,33,6.0509392296694,29.837914108674
40199,126,1002,1091,332,66,11,1601172,799,1014,3975,25,2.0005830340989,30.341354849438
40262,125,994,1035,327,67,11,1679452,864,999,3928,54,25.230063039992,33.307096484027
40264,125,1001,1033,329,69,12,1401829,796,1005,3931,36,4.7086910960524,28.825925953064
40241,125,999,1004,317,66,11,1636967,668,1007,3548,40,5.9701794904873,27.768490182821
40268,125,1005,995,316,68,11,1407357,819,1008,3633,38,5.7060179409739,30.761200911184
40249,125,1015,1039,323,66,11,1588690,727,1017,4329,41,8.0615968772844,32.799924131627
40211,125,1006,1080,326,58,11,1341938,767,1012,4279,30,1.3877364395008,30.916523127299
40243,124,999,1039,327,68,12,1408224,766,1004,4444,36,1.4422327635916,28.188655833241
40297,124,1002,1016,323,72,12,1600992,706,1007,3851,46,1.9221962681559,24.682672407415
40200,124,990,1105,331,62,11,1487444,749,1003,3986,26,22.088939923176,29.662280073815
40248,123,995,1005,311,70,12,1480963,764,1008,3846,34,3.9334338073346,31.853512448146
40300,123,993,943,311,72,12,1403997,589,998,3846,56,3.7992461098572,29.60771475116
40206,123,995,1067,317,71,11,1564700,720,1004,4429,36,9.7636097574173,30.942854743635
40299,123,994,963,318,51,10,1382509,585,1002,3616,86,4.9523824779364,28.544153860007
40233,123,1003,1013,319,67,11,1404332,861,1006,3888,35,11.080293306893,26.283288336337
40228,122,1002,999,308,72,12,1403447,811,1010,4672,36,5.7247533070115,30.209015439736
40209,122,992,1034,317,72,12,1626133,639,995,4046,29,3.9368697840372,27.912517595447
40269,122,995,987,306,70,11,1573245,761,999,3382,55,2.819106850074,23.251732856428
40277,122,1005,965,306,68,11,1461614,628,1009,3429,46,1.8146411145405,26.695090455121
40266,122,995,959,310,66,11,1655949,742,1007,3867,57,5.1661968887853,27.147503813203
40296,121,1005,967,308,64,12,1554835,702,1009,3387,64,21.166544405733,29.740727191781
40270,121,1001,997,321,48,8,1480397,700,1007,3767,56,10.69893033349,27.28596664341
40238,121,1001,1020,321,72,12,1620381,792,1006,3772,30,24.641950345487,27.809392970308
40213,121,992,1014,309,48,8,1452675,814,1002,3889,44,5.9465171346478,26.058112795244
40198,121,995,1029,316,61,10,1594893,726,1004,3769,37,1.453615683777,30.488553075858
40324,121,1000,951,312,67,11,1362839,654,1003,3417,82,2.737530559586,27.560688501798
40275,121,1005,888,286,56,10,1433890,750,1011,3516,70,3.6593122931351,28.356153757377
40230,121,998,983,309,72,12,1480426,738,1008,3989,40,2.5441836040356,29.769393282696
40272,120,999,974,305,60,10,1466105,775,1003,3811,56,24.14059201979,30.680478627303
40242,119,1006,1028,315,68,12,1655926,629,1011,3969,42,6.4150079801248,27.456469451309
40214,119,1000,982,303,57,10,1396558,794,1006,4187,35,5.0947083326262,26.167346653037
40288,118,1000,996,312,54,9,1429459,691,1003,3691,45,5.2004951804467,30.37057311556
40320,118,1014,939,306,63,11,1443797,541,1016,3899,91,3.3801433440115,30.579576919346
40331,118,996,923,304,66,11,1229513,646,1002,3618,87,3.8494940054814,30.495481895855
40326,118,1007,954,305,59,10,1566536,688,1010,3862,58,6.3716351716326,26.244385024962
40274,117,994,958,307,54,9,1389699,655,998,3449,46,26.419514250481,25.420274917059
40239,117,986,1002,305,61,11,1419670,666,991,4025,39,2.8493565939825,28.236010333091
40309,117,1009,911,298,59,10,1250022,618,1012,3922,71,24.171139851934,33.624237145702
40235,117,1012,1010,312,60,10,1560288,658,1013,3936,46,4.6130788569516,28.495096220545
40301,116,996,937,304,60,10,1461888,647,1000,3591,81,2.8820884121669,30.003255511458
40314,116,1003,894,286,66,11,1375801,609,1005,3592,58,9.7124321472893,27.530771056198
40333,115,1003,892,291,61,10,1377874,609,1005,3794,83,4.1622607977354,24.913322304502
40305,115,998,925,293,58,10,1369664,806,1000,4260,56,11.566448863532,29.269598769932
40315,115,1011,900,296,66,11,1318443,687,1014,3622,74,8.3178216761952,27.762475853789
40298,114,998,963,299,61,11,1429908,693,1000,3824,43,25.243553903229,28.643656197361
40279,114,1001,947,300,55,10,1476344,690,1006,3550,50,12.96679260269,28.881506771415
40332,113,1008,918,301,58,10,1304999,633,1009,3918,86,21.18002559391,26.673344161838
40292,113,993,940,290,47,9,1434191,838,995,3850,37,1.6002170519977,25.381191130972
40327,113,1003,926,298,66,11,1391935,653,1006,3915,54,1.7147270154025,25.832419689965
40281,113,996,888,287,66,11,1483360,649,998,3561,43,6.8885777344293,27.864580378821
40316,112,1000,905,295,61,10,1416718,597,1001,3206,79,5.0215226832614,24.290821191687
40321,112,1004,870,279,56,10,1348655,698,1007,3767,83,2.8169679687374,29.543158835768
40318,112,1004,897,290,61,10,1449413,576,1007,4037,73,4.225753186618,26.037787743116
40341,112,1002,851,283,55,9,1169536,545,1005,3705,104,3.2948250065503,24.152217676097
40285,112,1011,939,293,59,11,1345317,618,1015,3925,52,8.796240164383,32.900122915364
40302,110,1004,847,276,54,9,1221133,542,1008,3248,65,3.8276469529792,30.149754930222
40308,109,1008,827,267,46,9,1307559,566,1010,3871,64,26.292425535101,28.464593140605
40329,108,1003,838,277,60,10,1396029,593,1003,3142,74,18.750211023305,28.247370626589
40334,108,1006,867,283,59,10,1523910,550,1009,3008,61,27.300597913125,24.003680396402
40325,106,998,846,276,54,9,1377810,573,1002,3167,64,2.4965050241818,24.964680267327
40311,106,1002,832,271,60,10,1344893,600,1003,3769,63,3.6439567829578,25.693694075201
40283,106,1001,909,274,54,9,1510507,679,1003,3391,28,9.4565188995385,29.843440917435
40303,106,997,777,253,53,9,1319426,549,999,3364,79,3.8315411968513,26.253664899561
40307,105,1004,860,279,60,10,1385765,569,1004,3254,79,3.0154013045407,27.997677001251
40310,105,1001,839,270,59,10,1287385,634,1001,3010,53,28.493081101063,26.452741570696
40306,104,1002,837,268,55,9,1345661,632,1003,3645,76,8.7685637722682,27.917353912002
40319,104,1004,845,274,55,10,1403009,525,1005,3430,60,2.7296374551726,30.055010547777
40330,103,996,826,257,48,8,1431478,652,998,3153,59,12.504257123847,22.67382431451
40304,103,1013,849,267,54,10,1290350,615,1013,3156,57,5.1012587985032,28.305636597126
40343,102,1000,784,260,60,10,1208439,461,1000,3081,160,7.0285029741833,27.786133227793
40354,101,995,766,254,49,8,1140677,486,995,3077,130,6.3842801726043,29.65097923767
40350,101,1008,814,269,60,10,1279079,600,1009,2930,126,4.5196213309897,29.560703743181
40352,100,1013,768,255,60,10,1099807,526,1013,4096,162,15.708569860142,28.408964529185
40312,99,1001,801,256,57,10,1273411,535,0,3009,84,5.362502341657,26.573195262881
40364,99,996,813,268,49,9,1139780,482,0,3074,107,3.963279836671,26.133473864062
40317,99,996,797,260,52,9,1186785,516,0,3514,102,8.8024350691013,27.223860167201
40313,98,1002,780,258,46,7,1308558,542,0,2920,79,1.930672751487,25.822331609896
40345,95,1002,731,247,27,5,1024387,539,0,2456,120,26.309057685197,25.100712167607
40344,95,1000,724,239,36,7,1202334,468,0,2803,84,26.308238874988,29.616571116808
40360,95,1012,757,250,49,8,1141905,451,0,3397,110,6.5521526003999,31.217682804445
40340,94,1008,751,249,54,9,1241021,502,0,3107,107,14.866013313197,25.400044354794
40366,93,995,761,250,47,8,1141863,386,0,3075,108,10.557822793238,29.916721155619
40348,93,1001,742,245,54,9,1123325,402,0,3225,139,1.9218997994774,28.647661831585
40336,93,1005,726,237,48,9,1239380,462,0,2965,104,1.8353456862828,26.689650894668
40363,92,1006,692,229,35,8,1073058,505,0,2913,114,4.7818696045653,24.306466460931
40365,91,1011,692,230,45,7,952162,460,0,3193,119,14.210571544147,28.215794018346
40369,91,1002,714,238,37,6,1025976,441,0,3203,122,1.4586816486747,24.33665260493
40362,91,1008,725,240,44,7,979280,576,0,3268,128,6.7467143509041,24.21966644668
40342,91,1009,701,231,54,9,1099534,428,0,2832,140,5.5512483377981,25.786762188167
40361,89,1004,671,219,52,9,1090763,446,0,3193,140,4.8288799306866,25.810920414051
40323,87,1013,713,230,48,8,1107778,418,0,3255,60,3.4942236324745,27.618104814937
40347,87,995,709,237,37,7,1019454,406,0,3030,133,4.5600387854103,26.722941010983
40358,86,1011,680,224,48,8,978433,369,0,3032,118,3.6508996751827,28.644421739373
40351,86,1002,686,229,37,7,1093655,416,0,2660,147,1.8594685048349,25.197232959408
40356,86,1000,653,218,48,8,987552,333,0,3279,127,5.8937296539942,26.952808797199
40367,84,1004,644,213,36,5,949557,354,0,2871,169,5.6407265788753,29.401579078301
40359,84,1007,675,225,38,6,1062381,448,0,2484,192,3.4687514455422,25.581748437555
40353,84,1004,656,217,42,7,930978,413,0,3183,144,5.5847219972274,25.327923350711
40337,84,1006,658,215,48,8,1048964,430,0,2936,134,0.92815243162357,25.647056799528
40370,83,1007,633,205,40,6,1102264,442,0,2503,113,27.311633694548,23.612677074132
40355,83,996,653,214,48,8,992350,414,0,2620,118,12.594550334786,25.089924816642
40339,82,1008,622,206,42,7,929909,390,0,2672,149,3.7086532211176,29.478607327346
40335,82,1006,632,210,48,8,953728,354,0,3327,160,7.0469026627092,27.315584086543
40338,81,1016,638,211,46,8,983366,411,0,2465,141,3.4765593592934,25.906814803045
40357,79,1000,631,206,35,6,961957,357,0,2723,135,2.7701393956302,30.437393020329
40349,79,1002,600,201,42,8,923464,367,0,2345,143,2.8398623380342,24.889393559549
40368,75,1009,590,194,37,6,909341,316,0,3083,160,23.195875945993,27.485683770429
40346,74,1007,615,203,42,6,1058634,374,0,2306,137,28.494848433308,29.173932950995
40380,73,1003,558,186,38,7,822941,253,0,2691,209,26.311305968967,26.012999535867
40377,68,1011,520,170,6,1,671530,265,0,2392,155,2.6421503923943,24.955442906742
40376,64,1013,476,159,36,6,729501,229,0,2380,184,5.7933499883145,24.587197024517
40386,64,1011,506,169,36,6,731691,243,0,2281,199,4.8570813072579,26.457176807352
40402,62,1020,447,147,28,5,658515,239,0,2519,218,2.7924044462834,24.11007798732
40399,59,1015,458,155,30,5,652204,212,0,2292,250,5.2924175202223,27.659596858433
40400,58,1007,436,145,28,5,629996,204,0,2482,205,1.3647347706317,29.102996274885
40396,58,1011,464,155,24,4,693314,212,0,2222,235,1.5746035047048,23.837685135108
40372,55,1013,409,136,30,5,570336,219,0,2449,224,2.0465442497456,24.06740163716
40381,54,1003,410,136,13,2,552710,193,0,1759,203,26.336571398679,24.655999110679
40390,54,1006,412,136,30,5,597116,154,0,2352,250,3.1033181280006,25.28716671926
40373,53,1011,399,132,18,3,551937,212,0,2207,220,3.3068817643595,28.093356655194
40398,53,1018,416,138,24,4,579424,208,0,2338,229,9.2195698943578,24.425446825231
40405,49,1012,332,110,24,4,487254,142,0,2033,265,4.4120319511978,22.228563421981
40384,49,1008,388,129,24,4,524810,159,0,1954,263,4.9852255926234,25.2456215142
40391,46,1007,351,120,24,4,585112,145,0,1867,261,4.7178397619944,25.588970817357
40388,46,1030,351,116,9,2,465110,143,0,1891,273,9.2927662342995,21.841654077257
40406,43,1003,332,110,7,1,432528,103,0,1659,250,27.410071037097,22.105813714863
40379,42,1015,317,106,24,4,465297,126,0,1881,297,4.3069945190119,35.894206591631
40401,42,1015,319,104,1,0,361915,82,0,1689,255,14.094743479271,32.695113308179
40397,42,1012,325,108,24,4,474419,128,0,2031,310,3.4921777202895,24.291290728647
40378,42,1008,331,109,24,4,477241,114,0,1604,274,7.2981876321339,28.558387272205
40394,41,1009,325,109,24,4,502735,109,0,1983,277,1.9821804506695,24.40772485214
40392,39,1013,266,88,20,3,431094,112,0,1790,276,1.1371753574004,23.973741695689
40385,37,1004,274,91,12,2,366457,150,0,1527,300,1.7662023023139,24.827353284739
40383,33,1009,267,89,12,2,470390,90,0,1571,311,3.6797059247402,27.774085350015
40371,32,1004,232,79,18,3,311980,97,0,1554,325,3.2184554848522,25.317188636081
40375,32,1010,235,75,18,3,377124,78,0,1630,291,8.1579676083998,26.456598641315
40393,31,1008,238,78,18,3,344660,66,0,1533,318,4.4712699759946,29.208620848928
40387,29,1006,238,79,5,1,372370,86,0,1632,307,7.2683659652677,26.522217490807
40403,29,1006,213,71,12,2,348077,68,0,1347,331,9.4676783659641,23.869800462445
40374,28,1013,184,62,7,1,288516,60,0,1217,364,3.9526355065535,22.523541395667
40389,28,1005,193,62,6,1,253189,60,0,1099,312,2.9381943779786,24.928650939255
40382,27,1010,226,72,12,2,386018,43,0,1249,302,30.639406617553,25.778775683497
40395,19,1012,159,51,8,1,259601,28,0,1201,359,3.4629512571515,23.706291497129
40404,16,1007,115,38,0,0,143067,26,0,755,331,23.206995199343,21.07520014334
40416,2,1005,9,2,0,0,30717,2,0,71,265,28.471796271545,18.650480529624
40417,0,753,0,0,0,0,0,0,0,0,0,0,0
40445,0,1,0,0,0,0,0,0,0,0,0,0,0
40434,0,724,0,0,0,0,0,0,0,0,0,0,0
40425,0,348,0,0,0,0,0,0,0,0,0,0,0
40447,0,1,0,0,0,0,0,0,0,0,0,0,0
40448,0,1,0,0,0,0,0,0,0,0,0,0,0
40436,0,783,0,0,0,0,0,0,0,0,0,0,0
40418,0,405,0,0,0,0,0,0,0,0,0,0,0
40428,0,448,0,0,0,0,0,0,0,0,0,0,0
40429,0,411,0,0,0,0,0,0,0,0,0,0,0
40438,0,786,0,0,0,0,0,0,0,0,0,0,0
40435,0,797,0,0,0,0,0,0,0,0,0,0,0
40437,0,497,0,0,0,0,0,0,0,0,0,0,0
40446,0,1,0,0,0,0,0,0,0,0,0,0,0
40420,0,624,0,0,0,0,0,0,0,0,0,0,0
40444,0,1,0,0,0,0,0,0,0,0,0,0,0
40439,0,336,0,0,0,0,0,0,0,0,0,0,0
40431,0,280,0,0,0,0,0,0,0,0,0,0,0
40450,0,1,0,0,0,0,0,0,0,0,0,0,0
40427,0,659,0,0,0,0,0,0,0,0,0,0,0
40449,0,34,0,0,0,0,0,0,0,0,0,0,0
40415,0,468,0,0,0,0,0,0,0,0,0,0,0
40419,0,505,0,0,0,0,0,0,0,0,0,0,0
40432,0,815,0,0,0,0,0,0,0,0,0,0,0
40451,0,1,0,0,0,0,0,0,0,0,0,0,0
40423,0,406,0,0,0,0,0,0,0,0,0,0,0
40407,0,403,0,0,0,0,0,0,0,0,0,0,0
40440,0,211,0,0,0,0,0,0,0,0,0,0,0
40411,0,400,0,0,0,0,0,0,0,0,0,0,0
40412,0,892,0,0,0,0,0,0,0,0,0,0,0
40409,0,672,0,0,0,0,0,0,0,0,0,0,0
40413,0,1001,10,2,0,0,18137,0,0,31,211,2.6041456383553,13.214115631957
40426,0,682,0,0,0,0,0,0,0,0,0,0,0
40421,0,451,0,0,0,0,0,0,0,0,0,0,0
40443,0,1,0,0,0,0,0,0,0,0,0,0,0
40430,0,559,0,0,0,0,0,0,0,0,0,0,0
40433,0,526,0,0,0,0,0,0,0,0,0,0,0
40442,0,579,0,0,0,0,0,0,0,0,0,0,0
40424,0,575,0,0,0,0,0,0,0,0,0,0,0
40422,0,900,0,0,0,0,0,0,0,0,0,0,0
40410,0,302,0,0,0,0,0,0,0,0,0,0,0
40441,0,594,0,0,0,0,0,0,0,0,0,0,0
40408,0,750,0,0,0,0,0,0,0,0,0,0,0
40452,0,42,0,0,0,0,0,0,0,0,0,0,0
40414,0,589,0,0,0,0,0,0,0,0,0,0,0
