room,level,num_players,num_mobs_killed,num_towers_killed,num_minibosses_killed,num_bosses_killed,num_clicks,num_abilities_activated,num_players_reaching_milestone_level,num_ability_items_activated,num_active_players,time_simulating,time_saving
39650,18098,1498,145338,48586,10777,1771,114251429,612324,1500,454054,589,8.2759914700505,62.901826259185
39721,16524,1495,132694,44367,9843,1618,116785973,427985,1500,405442,513,5.6065412177211,67.672473799578
39791,11427,1468,91756,30690,6758,1109,120365452,187484,1062,196797,265,11.896520001007,78.575858688708
39756,10123,1469,81467,27235,6046,998,106967715,145753,1498,170009,227,3.3406628988069,63.218536735509
39646,9223,1464,73935,24725,5476,902,68887034,141215,1366,181718,148,2.9718620504523,65.741534136968
39800,8325,1469,66690,22294,4919,812,97997585,124114,1500,115895,157,2.5775332604137,58.896146134141
39810,8009,1458,64415,21534,4659,761,92720514,95156,1095,121840,155,7.1990641081376,55.511180289917
39550,7879,1465,63140,21127,4651,770,69015040,66706,1308,130212,115,7.4912518518869,55.464069260651
39540,7149,1458,57239,19145,4185,690,49284611,67066,1237,124898,89,4.064122770113,54.561948602176
39564,7081,1447,56478,18884,4159,684,38192507,85501,1500,137993,68,4.1926798936587,55.35645278682
39570,6589,1465,52595,17591,3857,638,42122076,61343,1405,119558,78,9.356882200913,92.798226467334
39539,6245,1445,49507,16545,3536,586,33385228,67202,1357,118884,66,3.4660855568564,85.367431168603
39601,6229,1430,49704,16620,3656,610,44151469,57541,1058,97783,75,5.133822884624,114.91141796024
39553,6214,1439,49662,16611,3636,605,37969362,55448,1248,106622,73,5.2876404667162,86.699109050329
39578,6100,1460,48909,16354,3606,598,46810105,53865,1499,98573,88,1.7880760595949,96.790132998362
39541,6024,1446,47971,16040,3519,578,35339308,65437,1200,116429,65,1.6719779045254,94.836739013628
39559,6000,1455,47991,16049,3524,583,33981810,56199,1307,100214,82,3.3166897952315,96.972031540758
39574,5913,1456,47064,15736,3457,580,31475627,63357,1497,109405,67,3.1487103945272,87.866470771834
40127,5883,1453,47205,15785,3439,569,68181262,56888,1235,71896,94,3.7141541651402,65.542294824026
39986,5669,1446,45567,15249,3365,559,73343286,52891,1332,70763,92,5.2059316890487,58.929952032914
39547,5634,1457,44901,15014,3306,547,29997947,56479,1371,110640,72,5.3578339053058,88.062470428558
39556,5569,1457,44420,14849,3171,524,36166559,43751,1223,92717,68,3.3467988867741,86.309827495846
39566,5405,1457,42989,14369,3156,521,33066802,50957,1313,100919,73,3.392603556585,44.896728026364
39542,5235,1446,41807,13978,3083,514,33264625,49542,1138,95110,56,3.4808166463396,84.82118582593
39573,4854,1234,38835,12994,2798,466,31068780,35144,1168,74901,61,5.2529904117687,70.565134849264
39571,3696,1125,29403,9830,2102,352,21386490,26538,1169,59145,35,2.2253150238139,48.312875209904
39545,3589,1142,28572,9557,2059,344,19185363,27858,1183,64564,34,6.2343504155564,57.09583101129
39562,3199,1046,25684,8580,1869,311,19671943,21109,1057,49598,43,4.8043827919289,43.269745276277
39572,3128,1008,25001,8353,1796,303,17209909,19822,1064,48242,26,3.9042127080427,42.003999416197
39596,3069,1104,24542,8189,1762,297,17874557,20887,1090,44368,25,2.4944773935171,52.464875010969
39557,3049,1115,24542,8147,1767,296,17450076,21778,1166,55549,39,2.006812110555,52.210672499139
39563,2916,1121,23412,7771,1699,285,16518264,20686,1177,51186,43,3.6512794011224,50.536177602428
39587,2901,1018,23277,7777,1708,284,16905794,17053,1058,41082,35,2.2409429996691,46.293168997165
39552,2763,1001,22117,7362,1591,266,15573488,18796,1045,45880,35,3.3505487091712,42.866069541773
39575,2738,986,21895,7270,1564,263,15314050,19926,1031,37543,22,1.8398018474088,47.80449772703
39549,2622,1011,20973,6964,1528,255,14295841,18044,1080,44769,34,3.748622116884,40.170099051871
39548,2579,993,20671,6870,1518,253,13799597,16679,1039,36667,25,5.2799654812213,43.065026466604
39605,2511,986,20372,6719,1463,245,13617392,16047,1030,37316,28,3.8228803768829,43.777152602909
39580,2491,991,20118,6663,1440,239,13711886,15970,1056,35351,31,3.4417273005702,43.988567417831
39630,2439,1016,19745,6496,1414,237,12901401,16874,1069,39018,29,4.5470750313986,46.605301818578
40660,2409,1002,19461,6505,1421,236,29986878,16283,1027,15220,72,2.7647530276594,42.991762401401
39560,2342,991,18917,6226,1347,227,14422589,13887,1063,33023,25,3.9903498312109,37.713581674807
39582,2329,988,18890,6218,1349,225,12854136,14837,1042,33459,33,3.6066007545306,42.42137244198
39598,2319,1005,18617,6182,1359,227,15363375,14291,1043,30114,27,1.5371419254615,42.112694489361
39589,2309,970,18403,6103,1326,222,14610276,14097,1017,31649,27,4.6580065416385,39.237595701038
39603,2256,1016,18239,6013,1309,218,12736063,15941,1050,33795,31,2.4763328737038,41.959515906095
39597,2233,1000,18042,5952,1304,219,11820035,15760,1055,33752,28,4.1972645914571,39.543878725133
39551,2224,1050,18024,5961,1322,220,16148078,13325,1044,28543,22,2.1750670996699,45.619965935416
39604,2205,1003,17880,5879,1287,215,12324879,14042,1053,33032,23,1.7218454229424,40.096823906747
39610,2177,993,17427,5770,1262,210,14476596,13231,1049,30728,28,3.6061843521834,40.452538432081
40466,2124,994,17131,5723,1259,209,16852237,8705,1036,12838,33,2.8009784361556,40.376242159129
39626,2084,1007,16784,5518,1231,206,11668848,15277,1055,31709,24,4.4450342810585,41.6585778297
39583,2079,975,16954,5568,1224,204,14131812,12328,1019,27887,40,3.8704681581774,42.947088313571
39633,2059,1005,16703,5489,1207,200,12906043,12913,1060,29160,29,5.8733989075406,39.501203665304
39584,2019,1001,16584,5366,1174,195,9918023,15206,1043,31606,22,1.2107644031963,39.171625641234
39649,1994,1010,15928,5295,1155,193,8961175,10845,1046,29558,39,1.9846606505524,45.686534717543
39636,1948,1011,15719,5170,1113,185,10897864,12044,1067,27368,27,2.5557095170282,48.987586729518
39611,1935,980,15535,5098,1113,188,10372146,11449,1032,26284,30,5.8611392171575,41.360851207491
39590,1905,989,15656,5086,1068,179,11216217,12391,1044,29251,27,5.6466495180174,37.920014493504
39588,1896,1019,15535,5031,1097,184,10472401,12283,1062,29255,30,2.0533424769368,38.841851799545
39579,1887,1027,15464,4990,1106,183,9268695,14796,1092,34869,17,10.579844095407,42.056213010333
39639,1869,973,15409,4987,1074,180,10284562,13212,1027,26796,33,0.93589923672053,40.777242944134
39620,1856,978,15225,4967,1061,178,11285640,10852,1022,25179,23,3.1717011347157,43.585420425732
39673,1824,1028,14827,4870,1058,178,10743741,11979,1092,26412,24,2.0466003834562,45.377789432473
39652,1806,951,15010,4832,1050,176,10660121,12014,1003,27639,21,5.8998515953736,40.593728289069
39615,1804,981,14627,4809,1030,173,11283130,10084,1027,24966,23,17.250961857361,39.920375515912
39651,1800,1005,14859,4766,1038,172,9841959,11825,1061,29028,25,8.122864920477,45.21818748261
39627,1800,970,14786,4754,1041,176,9664189,11435,1030,24590,34,2.9723648786564,40.786189550833
39654,1779,1008,14643,4706,1040,174,9693199,11424,1057,25875,24,1.4107970224379,41.58805184
39585,1767,997,14446,4668,1015,172,11714899,12969,1051,26955,13,2.0326893565526,35.389728210616
39606,1749,982,14538,4680,1019,170,9542161,12387,1031,29325,26,6.3395793998796,36.095112659202
40255,1729,1030,13888,4607,1013,170,16740074,8016,1031,13252,20,12.155650882519,44.656803370119
39607,1725,950,13970,4556,995,168,10506471,11699,1017,25538,24,2.8738120843713,35.988532883805
39697,1718,988,13958,4586,968,162,8906737,7987,1027,22042,21,2.1116499459165,40.430241038204
39885,1714,993,13818,4594,998,167,9324301,7495,1031,16464,16,2.6130667875903,44.846996917259
39684,1708,933,13883,4533,994,166,11234031,10122,998,22430,29,1.012321965481,37.811775997937
39676,1699,992,13915,4484,962,160,10283075,11600,1048,25033,30,2.0437869735318,43.209103032317
39609,1679,992,13924,4441,971,163,10610032,14019,1043,26792,23,5.5367801372727,40.426510464315
39608,1666,1003,13918,4438,954,159,9163218,12257,1052,27968,20,6.6397197651864,37.87774733324
39568,1659,928,13719,4404,968,162,10854259,9673,987,21428,25,2.0615478163732,35.00298576109
39595,1619,990,13383,4254,903,153,8176943,11832,1036,28389,19,2.2314521198642,36.946960900018
39666,1604,979,13111,4272,923,156,10457292,10011,1021,20262,25,2.5162585384967,39.06347637265
39591,1604,1002,13259,4236,926,154,9744556,12479,1060,27539,28,1.531591862039,38.775586428372
39592,1593,958,13340,4246,925,156,9230198,10554,1016,24786,20,3.3244940087071,40.605828730158
39655,1569,990,12792,4163,915,153,10350488,9093,1043,21443,26,3.1781230615314,42.414066498283
39594,1554,970,12946,4150,894,151,9433650,9709,1012,22588,19,3.0615570622175,40.446300103294
39543,1550,959,12932,4117,875,149,8172482,8683,1019,23526,22,21.382699013046,37.766536264865
39581,1549,994,13116,4116,876,148,8985034,10996,1034,26089,18,2.0097377405396,40.342192313926
39668,1539,994,12720,4100,894,149,10935876,9933,1037,22507,23,5.0439041021296,39.902539331648
40543,1529,984,12302,4103,915,153,14511544,6530,1023,9211,31,4.2283307589427,33.014719446627
39653,1517,974,12674,4056,889,148,11131458,9849,1028,20430,15,6.1861391995855,39.829817326156
39698,1506,972,12551,4017,895,149,8082620,8684,1013,21763,20,2.9464795156018,39.49198208838
39723,1505,987,12305,4025,858,143,8976412,7335,1020,19292,17,10.58066600189,36.640694483715
39643,1495,968,12237,3977,844,143,9623604,8680,1015,20250,23,3.4373773614047,39.97425707913
39623,1485,981,12587,3966,869,145,9556321,10970,1026,23120,16,5.4608128576054,37.783842510325
39677,1466,944,12208,3889,836,140,9810167,9803,999,22320,18,1.8866261025318,40.779062401501
39862,1451,987,11833,3867,858,143,8583592,6516,1032,16350,17,5.0520652543339,44.040199130665
39729,1443,932,11906,3854,826,138,11176779,8006,991,18358,19,1.1284959506934,37.982123408833
39730,1443,945,11871,3844,840,142,11172249,8539,991,18574,26,4.4198146491042,38.674406951649
39687,1439,961,12200,3839,843,142,8863158,9841,1020,21578,19,21.1676369227,39.932627169974
39740,1437,955,11963,3831,833,139,9672194,8667,1003,19176,20,2.6374934248778,39.759438987834
39658,1436,974,12185,3804,817,138,8475577,10559,1027,23467,11,3.0092837209581,38.164924041449
39613,1382,981,11343,3644,786,134,8644680,8235,1017,21257,13,3.7658138479114,37.289047702499
39644,1382,925,11398,3682,790,134,10200066,8749,1020,17969,25,2.4426020447852,47.715302830109
39804,1381,970,11199,3673,802,134,7791247,7277,1006,16216,16,2.6322314077032,39.050691596513
39681,1362,954,11237,3578,792,132,9153821,9217,1010,21015,25,5.0953824188731,36.85020693729
39692,1359,926,11294,3626,793,134,8758521,8747,988,18786,28,7.3241111917315,38.925509473672
39667,1354,975,11250,3566,789,132,8621353,9353,1030,19908,17,5.8170583669763,42.929432251423
39717,1354,958,11202,3582,773,127,8228767,7834,1004,18036,24,1.2355827870568,36.74066695455
39734,1339,908,11051,3570,778,130,8217232,7374,972,16876,15,3.406814290291,37.555913686478
39712,1323,960,10930,3516,773,129,7690801,7709,1010,18317,16,6.6052889078997,37.616145021517
39707,1321,959,10864,3501,774,129,8729555,7175,1016,17892,24,2.4199703484134,38.446492315379
39685,1317,965,11056,3475,724,124,9061906,8725,1016,19089,17,78.948788568958,36.780649631929
39683,1315,950,10866,3468,749,125,8414449,8504,1017,18343,16,7.7852330892931,38.573848726808
39702,1306,966,10680,3452,733,123,7829192,8391,1007,18658,23,7.096925564783,37.63192038548
39661,1299,979,10734,3419,737,125,9269982,8559,1024,19739,20,2.6712083619055,41.135159888753
39845,1271,1013,10434,3383,704,119,8892773,6324,1047,15347,10,9.9895346152476,43.728789170903
39593,1265,960,10902,3349,730,122,9034633,10110,1018,19428,27,3.9689275946313,40.017409093836
39628,1255,983,10749,3340,730,122,8188362,9808,1034,20880,19,3.3087908863588,48.83250753665
39561,1246,975,10633,3304,709,120,9039061,8948,1017,21137,24,2.6726677147871,36.174651797742
39700,1245,941,10563,3314,729,122,7970010,7927,996,17144,15,6.4058315045816,39.264827127086
39745,1245,932,10394,3305,728,122,8008472,7766,1001,18237,20,50.424530415736,37.685311011748
39671,1231,953,10457,3266,705,119,8128204,8901,1010,19091,24,2.3786715938493,38.139582468197
39711,1225,982,10375,3237,708,118,7828222,9073,1020,19302,15,3.1625183021112,37.604720606799
39695,1219,944,10135,3244,698,118,8179689,7882,1002,19285,16,6.6624531982042,39.130222691352
39648,1219,979,10376,3251,695,120,7537182,8439,1022,18681,28,3.5122539854178,37.253340845748
39619,1211,948,10049,3199,712,120,9140563,8483,1005,16584,19,5.3540418836198,45.792213913243
39629,1207,990,10189,3201,698,119,8165111,8505,1031,18103,31,3.9696890619218,47.519858583467
39618,1199,975,10376,3195,675,116,7753381,9430,1022,18895,27,2.5027010710949,38.345683142636
39716,1198,962,10049,3162,671,114,7084231,7966,1009,17422,24,5.7152858749486,39.549129245271
39739,1197,944,9938,3190,682,114,9411025,8419,989,15775,23,2.4202698821407,38.449900395752
39850,1181,999,9750,3157,671,111,8757168,6961,1038,14683,17,4.8008852829608,37.760470564809
39678,1177,980,9955,3117,676,113,7244511,8731,1035,18716,23,4.2851619618266,38.86534504965
39599,1175,975,9702,3139,685,114,10031222,7174,1014,14243,14,4.5538257104725,34.894603970811
39765,1170,969,9851,3120,669,112,7594409,6884,1014,16551,19,1.3989220463599,40.77430468501
39718,1147,959,9612,3052,658,110,7943830,7895,1006,17269,19,5.0231284390231,40.205187296563
39749,1146,943,9492,3042,660,112,7715451,7929,1007,17298,21,2.5042161180086,40.538117619949
39622,1145,954,9857,3050,652,110,7229318,7372,1000,17032,15,9.6406856021063,39.491382947463
39761,1144,971,9415,3036,656,110,7649035,6897,1003,13738,13,4.1014735799227,39.007259774307
39803,1137,991,9573,3032,657,110,8143124,6216,1033,12432,20,2.0778936689227,39.208246744198
39713,1133,953,9475,3013,655,109,7669852,7099,996,15637,14,3.9858410214089,36.965503612981
39674,1126,975,9694,2977,641,106,7122191,9005,1027,19234,18,1.2067747202388,38.324594361282
39555,1112,973,9656,2932,633,105,7439135,8316,1034,18694,22,2.9795114052598,40.673956773147
39714,1109,927,9369,2950,642,108,7005545,6807,985,16773,17,2.1766478663055,47.25909691024
39657,1109,970,9492,2921,595,103,8186119,9350,1027,19412,18,3.9394388995472,37.620609955386
40749,1109,987,8952,2992,633,105,10145695,4773,1014,5988,33,3.005171463451,29.3872248037
39688,1106,943,9362,2951,628,104,7557198,6836,998,16793,18,5.9052437749294,36.446411107632
39838,1106,974,9166,2947,642,107,8164334,6218,1016,13588,18,3.2358765181788,36.306069625427
39843,1106,1004,9165,2936,635,106,9102775,6407,1022,14114,14,8.2836515404145,49.19174446784
39665,1103,994,9442,2941,643,107,7729656,7666,1022,17083,9,5.7440564279395,44.043319971445
39645,1101,980,9279,2912,619,106,9039764,7417,1019,17331,33,3.7468013513014,36.648263101132
39735,1101,941,9230,2917,642,108,6990128,6437,986,15143,20,5.0194898120777,59.5275127796
39662,1100,962,9440,2918,613,104,7722357,8672,1006,17412,17,3.2392759102591,36.172139411822
39869,1099,1009,9130,2930,614,104,7301235,5891,1048,13616,25,2.7834983062225,38.878287150971
39709,1095,1007,9257,2885,619,105,8013836,8569,1051,16994,15,50.023660990896,40.08806508678
39621,1083,957,9321,2866,625,106,7444884,8020,1009,19556,17,2.188804326327,36.478662862351
39725,1083,970,9059,2861,605,103,7667607,7597,1021,17242,15,2.0295368910479,37.214154709829
39672,1082,991,9261,2868,594,103,7898966,8790,1026,17740,16,2.4900370296058,42.214343544755
39577,1079,975,9211,2847,583,99,7016089,7359,1024,17659,13,3.8875959275797,35.623805366807
39647,1078,996,9224,2833,585,99,7435452,7386,1050,18952,11,5.8617771655346,42.404909738678
39746,1077,935,9090,2879,614,104,8234893,7448,989,16682,20,2.2829941516452,35.174712914909
39722,1068,926,8999,2821,593,102,8367584,8169,1001,15675,14,4.4049335555337,58.365703249011
39762,1062,993,8814,2821,602,100,6889604,6055,1026,14461,20,7.8891800413165,37.892750720022
39693,1059,944,8697,2818,609,102,7164140,5757,1012,12676,20,5.7304033157791,34.381884832359
39682,1059,966,8891,2776,593,101,7932749,7669,1021,18513,25,5.2323981147698,41.168251017493
40019,1058,1010,8788,2828,624,104,11154917,6058,1022,11085,12,2.385423415361,38.527826663184
39664,1044,999,8980,2782,613,103,7350617,8167,1044,17459,14,4.3813273792749,45.040118439684
39679,1043,969,8823,2758,587,99,7741187,7785,1010,15695,20,2.3599712564548,37.831483013556
39839,1036,985,8589,2759,583,98,6642433,5482,1026,13199,13,2.1881600891966,39.450033840615
39689,1032,981,8973,2717,604,100,7247113,7368,1034,17061,11,6.3296912215067,36.545230205359
39694,1031,984,8622,2719,592,100,8380766,7201,1027,17506,25,2.8754612612961,41.102782877472
40777,1030,981,8310,2777,618,103,9611908,4241,1002,5517,47,6.3488157706075,31.151667889846
39624,1024,984,8668,2694,561,95,6881721,6059,1020,13810,13,2.1820560650741,34.893569986079
39733,1019,936,8404,2676,563,96,7435565,6870,1006,15338,23,2.765894980566,38.125229796293
39720,1018,959,8789,2691,589,98,7994734,7842,1017,16608,11,3.7235513426272,37.006178752232
39858,1013,990,8621,2682,598,100,6754995,6287,1046,14947,17,6.1900807234011,38.424216617997
39669,1009,949,8826,2702,589,99,7424294,8283,1001,16127,26,3.984712370281,34.197239990506
40029,1008,948,8281,2698,568,94,11449427,5352,1000,10195,17,2.0567014552176,34.211155668346
39779,1003,967,8480,2657,578,96,7224159,6482,1004,15010,13,4.5515572284403,37.141487223972
39600,1001,957,8654,2624,588,98,7369588,8596,1006,17956,30,3.9101917094288,35.837338331174
39947,998,975,8296,2666,585,98,7883510,5591,1013,11809,25,2.3133446109727,34.810912867418
39823,997,967,8299,2649,566,96,6443933,5697,1012,13872,17,7.0038533921632,38.214178378043
39708,994,970,8623,2634,561,94,7350257,7388,1022,17531,24,5.3312148725144,36.908560845557
39660,990,949,8490,2573,565,96,6433269,8789,1024,17573,28,3.6499178944631,35.111610770187
39558,982,924,8263,2591,560,94,8108817,6709,987,16031,20,2.8402406218982,36.60581375387
39743,980,970,8223,2596,551,93,7211712,6171,1009,13393,18,4.0882067284898,35.573594102785
39736,979,939,8633,2619,557,94,7654217,6145,978,14565,26,6.4094330786467,38.355134138431
39614,969,968,8702,2588,543,93,7326169,8399,1009,15359,21,2.8173422833274,36.28214740964
39826,951,973,7955,2537,531,90,7106439,5942,1014,13348,11,4.0596870814217,39.196007387146
39690,950,931,8019,2535,547,93,7612215,6917,980,13475,21,5.7579397747875,36.809499883812
39889,943,1000,7831,2474,542,93,5292433,5671,1040,14479,13,16.95355189991,36.405787643135
40615,943,989,7561,2514,558,93,8084004,3995,1023,6877,21,1.5076980545714,30.163900851737
39686,942,941,7934,2497,535,90,7013093,6866,984,14245,20,2.1670987712856,41.705145141135
39751,934,939,7939,2466,548,91,7549559,7340,982,16174,15,2.3602822701016,35.948991109921
39821,933,959,7747,2483,537,90,6674296,5644,1002,14225,16,3.4195636671854,35.567596419411
39638,932,963,8090,2493,552,92,6803097,6688,997,15061,11,3.1455714650635,34.573661258067
39567,919,933,7906,2449,521,88,7144781,6320,1004,14437,22,2.0382227556641,37.035072239256
39703,918,979,7685,2402,499,84,5991163,6011,1029,17743,14,2.4211987975856,41.239345626172
39659,909,945,7911,2406,527,88,6337148,7355,1008,16726,17,2.0696194938602,37.06086026382
39775,907,1004,7700,2374,510,86,6543872,6302,1031,13783,11,2.0560427552958,36.02602776031
39768,907,970,7981,2392,513,86,6478374,5900,1013,14366,17,18.072499581312,33.650294374058
39866,904,999,7658,2386,517,86,6033447,5762,1048,13623,13,5.6089460054069,39.514539433161
39670,903,984,7762,2377,517,86,7347057,8450,1039,15967,23,1.9413945894208,45.916379059813
39637,901,963,7766,2359,508,85,6448152,7174,1011,15120,13,16.928180428521,34.429542143776
39747,901,941,7532,2368,499,84,7506832,6726,997,13974,21,1.3916607946626,34.561627815151
39846,900,976,8074,2391,528,89,7744539,5880,1017,11919,17,2.5079959259884,35.36845598731
39836,890,968,7500,2371,511,85,6785177,5701,1004,13372,17,9.2851643691253,41.801733771703
39780,890,969,7513,2323,503,85,5964938,5569,1001,13843,12,2.89947942503,33.615756376405
39748,884,975,7552,2334,500,85,6623049,6599,1033,14315,16,7.509693654263,36.069212076853
39699,882,963,7466,2333,499,85,7889083,6568,1010,14095,20,5.0237461255461,44.130870718604
39546,879,953,7650,2305,481,81,6388480,7225,1001,15850,22,4.6748602163487,33.002474067024
39696,875,934,7527,2320,479,81,5207367,5740,994,15586,14,2.6252655903586,33.405651767625
39732,875,919,7504,2305,507,85,7240829,6095,970,14894,14,4.3035473420258,34.177984591562
39675,862,971,7246,2273,485,82,5966554,6053,1009,14952,25,3.1673562635689,35.403092025274
39789,858,959,7239,2281,488,82,6191303,5425,1003,13114,13,3.507912010892,35.09636413501
39772,857,973,7385,2279,497,83,5882120,5575,1003,14798,11,7.5046724299021,40.317604636478
39731,856,952,7282,2274,492,83,6591082,6039,995,13033,18,2.2938081595747,35.01544008618
39616,853,980,7843,2264,495,83,6206008,8195,1040,17112,15,4.3101240951121,32.560284311695
39840,851,982,7144,2241,481,81,6494709,5578,1029,12581,10,18.160259033551,38.155193605796
39727,848,984,7329,2257,478,82,6609483,5616,1020,14031,13,2.3434968184609,34.6741392848
39769,838,989,7205,2159,461,78,6343821,5396,1027,15254,14,2.4279756964721,39.222728036706
39701,837,947,7345,2185,455,79,6884497,8045,1017,14326,21,5.7429473919554,39.950064785154
39865,820,967,7122,2142,445,77,5847154,5837,1011,16131,17,3.8029791649125,36.076471970623
39641,812,984,7405,2146,467,79,6319503,6115,1025,14993,12,1.8749054285873,39.418778813029
39857,811,968,6730,2123,474,79,6600504,5437,1034,14119,22,3.0380294635769,39.560637350769
39742,808,905,7093,2124,453,77,7006740,7857,973,13098,17,3.2948592184291,46.570770829424
40045,799,979,6716,2119,440,75,6373887,4287,1017,11271,17,4.6318748096871,30.786694697061
39784,797,951,6726,2097,460,76,5818920,5116,995,12186,12,5.1832820768455,35.976590786391
39544,797,965,6956,2096,430,72,6123635,5928,1023,14977,25,4.3341028000976,40.558406579722
39796,794,996,6832,2101,444,75,6222082,5892,1036,12240,14,5.8538717011458,39.417651211483
39868,791,984,6805,2086,456,76,5435371,5318,1031,12826,4,1.2931714802733,36.294242627264
40177,789,972,6500,2111,448,76,6600960,3926,1006,8294,12,9.629727623934,42.147847503668
40722,788,980,6393,2125,458,76,6986215,2935,1001,4301,19,28.057336461899,31.529127951127
39719,787,970,6752,2043,456,77,5770535,6547,1011,15891,15,7.7868869203446,37.013043166173
39813,787,975,6759,2082,449,74,6055276,5543,1014,12664,14,4.3015354812869,34.699941641502
39635,786,970,7060,2053,456,77,5652192,6947,1026,14950,11,2.1814489700128,32.824886658568
39915,784,975,6600,2075,441,74,5874537,5623,1012,12018,7,10.341273100609,38.761016263747
39642,783,965,7233,2063,446,76,5503613,7330,1013,15552,19,2.3418867055717,40.976440103821
39783,777,947,6547,2033,435,73,5583677,4670,997,11352,7,3.7732034078674,38.485990175877
39982,776,989,6528,2065,451,75,6619223,4594,1016,11576,9,1.6263612330058,37.423612718154
39737,776,950,6723,2054,430,71,5513325,5676,1000,11502,11,8.36167084378,41.444161187915
40038,775,958,6462,2072,462,77,6803520,4419,1005,9842,10,2.1250614159083,39.12681605979
39565,773,999,6612,2051,436,73,7007275,5556,1033,12717,18,1.786091092648,42.661525241843
39781,773,966,7417,2031,452,76,6429937,6180,1006,14313,9,4.574332163304,35.341362985755
39795,769,964,6437,2022,449,75,5144636,4995,1009,13925,15,7.8104405192724,36.868132044737
39797,769,964,6738,2031,426,71,6551286,5401,1013,12654,14,6.0945904228334,33.962156399397
39808,767,950,6691,2030,438,73,6217298,5388,1004,13394,7,8.5693253758221,37.801305380954
40183,765,973,6358,2025,433,72,7102323,4540,1011,9338,13,10.137910788516,37.255670874034
39898,764,989,6556,2023,421,70,6408851,4649,1035,12748,8,7.274071175809,41.579750879461
39766,762,953,6751,2015,444,74,5478653,5275,1001,12036,20,2.2316968906507,35.558510644068
39724,759,940,6674,1986,420,70,6858031,5973,1004,14356,15,5.9107264579636,33.881373904062
40754,755,970,6073,2031,430,72,8013848,3211,997,4269,26,3.2005487847906,28.422101583094
39841,747,985,6628,1988,417,70,5035733,4912,1024,13023,7,3.5800335157477,36.011775672444
39634,745,956,6445,1964,421,70,7114896,6360,994,12402,19,3.5064741354054,32.762008453168
39923,742,975,6442,1974,406,68,5312458,4882,1023,11756,12,2.445469324613,42.452601514666
39842,740,973,6304,1948,431,73,5543578,5119,1025,11887,9,4.0943946792001,34.218136198943
39741,739,937,6524,1929,396,68,6720922,6188,1012,13677,26,4.4135463109883,33.34031382262
39875,736,987,6347,1947,428,71,4652945,4580,1036,11958,8,3.2274960607614,39.989878437811
39710,733,966,6645,1921,391,67,5641110,6912,1017,14352,15,4.1641701018861,41.930689098069
39887,727,983,6177,1913,411,69,5523901,4177,1028,12345,16,6.5631863658861,34.802220298
39793,722,959,6276,1892,402,67,6388491,5540,1006,13870,6,3.6565987572052,39.343125865985
39728,722,939,6213,1886,393,69,6015388,5886,990,11710,20,7.3253576047862,34.879275059659
40857,715,990,5759,1923,417,71,7917330,3158,1016,5053,77,5.9919595747613,29.210412797732
39680,713,952,6472,1849,411,69,5092488,7497,1012,16016,10,3.4216164936229,35.67042386262
39794,713,955,6067,1866,398,68,6359896,5264,1000,11876,10,3.4197031508459,34.567828163121
39945,712,986,6005,1872,407,69,4844319,4700,1030,11966,12,4.0870126238785,34.348915265293
39818,712,959,6240,1894,407,69,5154791,4999,1011,12438,13,1.4825000259078,36.373285404643
39940,712,980,6058,1886,412,69,6534332,4765,1030,11614,14,3.5062810438447,35.493062500819
39640,712,986,6604,1859,385,65,4878805,6506,1030,16325,13,5.2220683827354,33.73005096948
39943,712,983,5989,1873,417,70,6202460,5231,1021,10611,12,9.5046862895054,41.05557200234
40115,709,960,5881,1884,407,68,5363982,3613,1004,10282,13,10.932248942236,35.956298483179
39763,708,965,6248,1843,401,67,5877701,5185,1013,13184,15,7.0410086503402,36.44931897674
39806,706,980,6357,1862,398,67,5570654,5614,1023,13905,7,2.8434315166601,34.880932959074
39849,706,988,6261,1859,396,66,6034051,5083,1024,12961,13,5.0212446462142,34.901310084392
39554,705,959,6075,1855,402,67,5908615,5398,1000,12374,16,6.7265806133798,32.801936462905
39825,704,956,6122,1863,406,68,5882613,4700,1077,10191,13,7.4248382645799,45.479344411797
39896,704,960,6050,1871,409,68,5331430,4237,1017,12009,13,4.2197324625009,36.597621803097
40119,699,962,5847,1848,394,66,5773312,3488,1009,9154,11,5.9637997238693,42.01978232976
39954,695,973,5895,1847,384,65,4799863,4449,1024,11798,17,2.4877220431776,38.488555315916
39767,691,960,5994,1815,397,67,5449227,5257,1006,12835,12,1.9740931153834,34.965100190235
39872,691,995,5994,1837,377,66,5667895,4906,1045,11959,18,9.2812553253444,36.109832018693
39936,690,987,5903,1816,387,66,5052420,4575,1020,11368,12,2.4908415778058,34.577069401174
39847,690,996,6145,1817,385,66,5973265,5372,1038,13423,18,3.7555417614806,33.06000457731
39663,687,953,6335,1778,406,68,4774548,5885,1010,14252,8,5.0119391155224,33.234506007224
39837,682,993,6217,1800,394,67,5580340,5412,1040,12935,18,2.0217472584921,35.865078751275
39876,679,985,5829,1772,391,65,4586930,4567,1024,12172,14,4.7990799458596,32.959630149927
39787,679,968,5998,1776,390,66,5944812,4512,1022,12224,13,1.7640242998046,33.98369115955
39886,679,986,5806,1796,383,65,5479577,4943,1026,12453,17,4.4013659301943,34.559232503708
40700,679,984,5513,1829,403,67,6590481,3293,1011,5225,21,6.2458795866897,30.358769865536
39758,678,974,6055,1761,383,66,5182679,5740,1007,13476,16,2.9502023610029,37.147435806426
39831,676,982,5729,1747,354,63,4946945,4450,1030,11941,10,19.550114941072,35.043219001669
39753,675,962,5927,1791,384,65,6859392,5480,1012,12187,13,5.7283941844912,48.562569732137
39863,674,999,6083,1763,364,61,4482579,5513,1045,13458,9,13.820338824235,38.881698322019
39955,670,968,5700,1762,378,63,5535384,4197,1020,11044,11,3.2714211602062,35.610092087969
39799,669,970,5837,1759,363,61,5150502,5086,1021,12714,12,4.4849920550513,34.454466758056
39754,667,927,6117,1740,368,62,5973518,5544,992,13341,9,2.6948120459186,36.757446733383
39602,663,961,6133,1739,383,64,6513716,5545,1010,11981,18,3.5033674230362,31.6052099784
39906,662,979,5754,1751,379,64,5679993,4939,1024,11369,6,10.804730114484,36.066284066046
39827,656,959,5730,1709,361,61,5499213,5418,1006,12411,11,11.900425813414,34.197160255403
39878,656,995,5770,1730,367,61,4633511,4389,1042,11563,17,8.5706914315312,34.238850983743
39612,655,942,5821,1708,348,58,5470602,5281,988,12613,6,2.6953558897762,34.149480191017
39750,652,985,5859,1712,378,63,5206003,5560,1030,14459,20,1.3500067558325,36.962792338804
39916,649,958,5544,1721,384,64,5935596,4273,1004,10445,13,10.690759217874,35.933619338584
39617,643,965,5967,1650,339,60,4324149,6222,1022,13685,8,8.0689054280538,35.436990141565
40067,642,958,5383,1683,366,61,6534576,4292,1001,8823,17,6.1385023559038,36.20961868391
40560,640,999,5274,1712,382,64,7619202,3690,1036,5611,18,1.5867801145974,32.385509011446
39788,639,984,5838,1677,342,60,4544760,5965,1031,14032,20,4.2383526567405,33.536831196283
39569,639,996,5834,1662,358,61,5920750,5136,1019,11875,21,4.2397122105048,32.100653612589
39656,635,960,5920,1668,340,57,4987908,6245,1014,14514,14,5.2709278073759,37.02503939969
39855,629,966,5684,1641,367,62,5074237,5123,1021,12671,26,2.2225298957253,35.205180458588
40003,627,961,5378,1653,350,59,4492170,3905,1008,10060,8,2.1801705822945,40.634661392962
39893,625,974,5394,1641,365,61,5160574,4571,1026,10642,10,5.1863884920311,44.195163932895
40182,623,966,5250,1658,362,60,6760809,3931,1013,8484,11,16.549136049636,34.257543505075
39835,615,991,5612,1611,335,58,5076395,5120,1043,12692,13,7.531547912795,36.824715562828
40290,612,978,5085,1629,349,58,5229745,3206,1018,7220,14,6.2328179200279,36.013608019139
39757,610,946,5755,1592,320,54,4608304,5869,1000,13600,17,3.1732966354812,34.523261530618
39959,610,998,5249,1609,342,58,5108288,4227,1038,11119,16,3.0253251703832,35.708626711798
39760,605,936,5604,1603,344,58,5465219,5409,987,11943,17,5.8610515455,29.839798097765
40032,603,974,5377,1579,339,56,5279152,4651,1010,9860,12,4.9363167711324,33.050907361906
39899,603,966,5243,1550,334,57,4530154,5463,1009,12826,16,14.94445722354,35.837593211757
40039,602,963,5186,1587,329,58,5494544,4206,1002,9919,10,2.2333135283282,34.175411468571
39759,600,970,5657,1552,339,58,6140636,5305,1017,12332,15,8.1436030242959,38.190285658689
39777,598,956,5173,1560,337,58,6731149,4433,1003,11805,11,1.9371440735918,32.542333834019
39864,597,995,5483,1556,332,55,4937583,4849,1036,13466,6,3.2367684255434,40.546936916196
40554,596,970,4924,1604,335,56,6396811,2906,1007,5248,18,17.697356825862,38.998219614437
40472,595,974,4938,1588,349,58,7000781,4159,1018,6534,15,5.3572178475668,33.936747640011
40048,593,973,5107,1576,344,57,5738126,4202,1022,9709,4,1.8674464151567,34.40175445975
39877,591,968,5335,1552,325,56,4756518,4776,1022,13328,14,4.6164479515068,32.769744869279
39901,591,978,5168,1515,322,56,4093379,4678,1025,12698,17,2.7772237856594,37.091397611751
39890,588,966,5271,1544,330,55,4915641,4652,1018,10514,15,4.6046171740776,31.652836745871
39801,588,978,5438,1501,336,56,5194681,4911,1019,12533,10,3.2311726373683,35.734780611944
39817,587,959,5220,1533,317,52,6112957,4833,1004,10781,12,5.1132752444549,31.527330064049
39882,585,987,5411,1537,324,56,5351547,4901,1030,11363,8,2.0105069394719,38.094475454312
40144,580,964,4845,1539,325,54,5143317,3736,1014,8321,17,3.3227775560297,31.357108088693
39815,580,969,5085,1509,339,55,4541157,4366,1015,11775,9,4.1635377251279,32.731808438171
40028,579,973,4937,1533,318,53,5193592,3685,1024,8188,7,2.2675486556285,34.878868744409
39715,579,963,5167,1515,334,57,5302876,4952,1011,10985,16,8.9607073321282,35.117340323812
39812,579,985,5403,1506,330,56,4952074,5335,1039,12152,17,1.4543503230462,31.434811138899
39974,578,964,4967,1527,335,56,5370802,4127,1015,9189,14,4.1224187302828,47.885378779361
39632,575,961,5488,1523,317,54,4931142,5065,1003,11569,17,5.0654922174563,30.971480598833
39691,571,958,5509,1491,313,53,4106313,5742,1007,13320,12,2.0477612834504,35.187969867891
39706,569,966,5213,1477,299,51,5213956,5335,1015,10655,11,6.5584268750396,34.0342170223
40449,568,974,4851,1530,331,55,6150138,3518,1010,6519,8,9.7404645450235,31.681366069102
40047,566,950,4970,1494,329,55,5032481,3204,1002,10505,11,91.43737628581,36.036927228831
39922,562,974,4936,1491,319,53,4924324,3818,1015,10675,19,4.5359749210424,39.952094468727
39983,559,977,4838,1481,316,53,5194728,3933,1017,9137,19,5.3500205126401,37.461548843222
39948,558,985,5107,1478,298,52,6024356,4650,1021,9538,16,1.6189344854726,32.88011299686
39811,553,978,5190,1451,305,52,4623653,4989,1032,13121,9,6.9005278307161,33.225778397189
40542,553,960,4625,1490,328,54,5864398,3671,995,5548,14,3.7051030760419,30.647048261567
39830,553,976,4947,1459,302,50,5059964,4540,1010,10784,9,6.2703346691117,32.036675957803
39946,552,984,4930,1453,310,53,4608307,3620,1026,10719,9,9.7970297591746,35.731706939731
39973,550,982,4950,1446,303,50,4598958,4479,1018,11930,12,2.8539467140017,31.336796221301
40006,547,985,4914,1447,305,52,5228399,4803,1024,11004,15,3.5342541471853,35.022360406808
40232,547,992,4792,1466,319,54,6094241,3740,1018,8518,7,2.7915150834586,32.891472938336
39738,547,928,4923,1415,301,51,5849077,4979,986,11387,15,1.922069156654,34.718732168228
39802,544,953,4917,1417,301,50,4737576,4697,998,11560,24,1.9294087618984,35.918481345279
39785,543,952,5000,1420,310,53,4387183,4297,1007,11953,9,3.0840814118531,36.298482352346
40168,543,962,4648,1441,320,53,4342002,3262,1008,7935,11,13.882355821617,36.948554230473
40021,542,970,4911,1427,292,50,4259889,4315,1021,9437,9,1.3110226988127,31.530408173681
39726,541,936,5248,1427,297,49,5122878,4833,997,11521,12,7.8804699328116,38.530984171297
39971,540,963,4634,1428,306,51,4794673,3665,1015,9706,10,16.067885199971,33.722330030896
39926,540,952,4703,1408,313,52,4631075,4012,1002,10846,15,10.809510361953,38.330561415433
39891,540,973,4846,1413,302,50,5219617,4459,1009,10154,12,6.1316944362682,35.043182302336
39904,540,953,4817,1426,300,52,4443753,4017,1005,10662,15,6.0331287275208,35.421040009579
40460,539,980,4497,1449,319,54,4611250,2697,1012,5790,17,3.0225949790706,32.250131727965
39867,539,982,4990,1405,301,52,4228263,4830,1030,13071,18,2.8211804417422,35.088734873775
39807,539,970,5237,1411,306,53,4768489,4839,1013,10778,13,7.1714754750546,48.3657708443
40017,539,971,4667,1409,309,52,5257635,4038,1024,9169,9,3.1794811956484,31.135338365913
39913,537,985,4910,1403,299,50,4415370,4008,1028,11109,13,3.1443646377112,33.34411493754
39773,537,971,5178,1403,301,50,4194471,4862,1008,11750,6,8.3617073989268,36.779119829894
40113,537,973,4523,1419,312,52,4712122,2976,1015,8036,8,17.857350233089,37.222849651264
39925,537,995,4742,1394,300,50,4295932,4435,1046,11424,12,2.2783353131977,34.235653490897
39782,536,958,4920,1393,304,50,4755621,4748,1014,12110,11,10.380884489524,31.475476298179
39942,534,962,4700,1397,302,50,5221030,3859,1007,9513,14,12.491044678327,42.817299730851
39848,533,993,4887,1378,305,51,4079735,4628,1036,12249,12,6.3023084504252,34.38050549544
40065,525,994,4706,1385,312,52,5810550,3824,1036,9020,14,5.7327740316094,31.987866120879
39764,525,960,4970,1385,301,50,4992091,4020,1011,10410,6,6.5288277316978,35.345630763111
39790,524,987,5001,1357,285,49,4416146,5190,1037,12040,10,2.0702938525311,34.4058300692
39786,522,966,4737,1363,283,48,5097596,4475,1008,11617,8,4.1624265441775,32.662046752059
39819,522,985,4682,1364,277,48,5063386,4301,1024,11262,14,1.9582818618449,34.159189961214
39902,521,960,4963,1344,303,51,3790823,4228,1010,13443,14,8.2499398328077,35.515082626498
39829,517,977,4981,1335,282,49,3957786,4648,1022,11764,13,4.4914048282553,34.010914037094
39755,516,966,4935,1342,271,46,4218622,4646,1019,12445,8,9.9456107765947,33.734354650282
39809,515,962,4644,1341,286,48,4336587,3774,1006,11602,9,8.350525061619,35.943253087318
40108,514,957,4484,1363,295,50,5041107,4041,1004,8188,8,4.1586523996828,32.228225736801
39910,514,975,4700,1354,290,48,5585362,4483,1026,10689,9,9.5203209746668,33.829498912129
40150,511,981,4414,1341,294,49,5982624,3843,1020,7786,9,2.9111698529163,33.825783973966
40540,509,968,4279,1364,293,50,4609434,2739,1004,5338,18,2.0572617125992,29.07336504432
40031,508,956,4414,1343,289,48,4770287,3402,1003,8909,11,4.2099597999307,38.746680144718
40020,507,997,4471,1334,294,49,4565647,3721,1044,9376,12,17.575696981239,32.23008953676
39944,503,947,4672,1318,296,50,4004548,4238,1014,11040,5,11.321431852939,35.329540301678
40052,503,973,4415,1306,293,48,4695894,3940,1013,8240,8,2.1901470217279,34.267663298585
39856,501,954,4610,1308,279,47,4455014,4122,1002,11124,8,7.1191655992765,32.918604765295
39988,500,984,4439,1324,294,49,5079110,3465,1016,8422,15,12.736889885983,36.991490111062
40181,495,965,4419,1319,274,46,4601536,3539,1011,8428,11,5.8510613727514,32.130031650752
39873,494,990,4875,1300,260,45,3573885,4192,1034,12233,12,2.5645908250011,32.135524309649
39814,494,958,4782,1293,277,46,4668263,4314,1014,9838,12,7.7444927770239,31.508002024439
40117,494,968,4462,1276,281,46,4684630,3772,1022,9602,6,3.5506037565886,29.501230193366
39576,493,956,4865,1289,289,48,4961715,4079,1015,12009,16,3.5859612689107,30.837745392658
39883,492,988,4778,1266,261,47,4332827,4979,1035,11033,8,5.3319401618094,33.057796228977
40001,491,973,4335,1292,271,47,3842958,3586,1016,10665,11,5.455805095344,33.242635153139
39871,491,973,4369,1275,278,47,4748838,3298,1017,11166,15,4.3239253222238,34.253611361392
40102,489,961,4463,1281,283,48,4936420,4025,1001,8336,15,8.5824362582241,33.027248991254
39895,488,987,4599,1267,280,46,4169079,4544,1025,11164,6,5.6829017866623,33.867365275288
39932,488,977,4721,1283,273,46,4107907,3717,1016,10246,7,3.0951734932707,31.452171888633
39960,487,973,4402,1260,256,43,4971540,4182,1032,9377,9,4.962019276815,35.085796664085
39903,487,970,4740,1276,281,48,4013545,4276,1027,12205,12,3.928746595706,47.872584585436
39918,486,966,4607,1255,277,46,3791400,4581,1013,10215,4,3.337851654996,32.944581404423
40007,486,963,4191,1249,261,44,4054559,3491,1011,10734,11,17.111915135506,39.605782406423
39921,486,965,4594,1284,276,47,4563846,3661,1022,11150,11,2.6335541180539,33.340818517995
40097,485,973,4277,1269,285,47,4163196,3582,1005,8852,7,16.810670753925,33.12489018716
39966,484,982,4241,1277,245,42,4532996,3850,1022,10007,6,6.1712605085316,34.065700598033
40263,483,973,4214,1275,282,47,4915411,3415,1013,7551,10,3.6484599761496,30.319027597299
39851,482,988,4501,1252,285,47,5032436,4514,1035,11609,6,6.5629293007357,34.499059121061
40133,482,971,4189,1264,271,45,4418410,3286,1011,7494,14,16.814599842601,31.833824017392
39859,481,984,4439,1229,262,44,3941605,4665,1041,12543,16,7.1306535085281,31.776855652745
39828,480,963,4796,1248,268,46,3555283,4629,1012,11218,13,3.0302677535044,35.46960748684
39996,479,967,4473,1267,258,46,4015435,3913,1009,10245,12,6.3563240505374,30.577178124943
39744,478,959,4625,1233,255,44,4514334,4831,1000,11231,12,3.421465282385,30.777121780308
39965,477,979,4617,1270,268,44,3969564,4120,1029,9911,9,2.0961820124547,32.257770723765
39771,476,955,4586,1231,276,46,4895239,4914,1006,11213,10,6.068188200642,32.754155178413
40221,476,966,4170,1273,276,46,4232940,2799,1001,6944,5,19.972891892185,32.051624943265
40025,473,957,4236,1242,272,46,5033126,3599,1012,8805,13,14.399099127889,35.567149858885
39824,472,958,4500,1229,255,43,4605861,4179,1003,9641,16,2.128136792002,35.571086974752
39987,472,948,4441,1230,265,45,4567446,3783,1004,9420,8,10.355829999262,33.593686625503
40341,471,975,4018,1244,271,45,5561552,2638,1005,6783,18,3.1697796167203,32.052134479214
39990,471,962,4534,1240,263,45,4867807,3909,1011,9284,15,4.5700628292498,35.763531678264
39970,471,961,4316,1232,257,45,4163583,4102,1018,10342,14,3.0423648418955,33.526573093932
39805,471,961,4589,1229,260,44,4148159,4373,1001,10895,4,1.1693210309738,34.967227106369
39911,470,984,4317,1214,266,45,4209670,3710,1031,10175,7,3.7148917568318,30.978785598551
39880,470,978,4461,1218,262,44,4176734,4214,1032,11024,12,9.6141129153449,36.580916268837
39625,469,967,4404,1203,268,45,4755735,4706,1017,11751,27,2.839502197439,31.488541517219
40450,469,968,4047,1266,273,46,4983936,3005,1004,5924,17,2.6351034521378,32.448310427137
40056,468,977,4287,1235,276,46,5175440,3696,1019,9027,11,4.2581547048813,35.862166755187
39852,466,1004,4602,1186,244,43,3941954,4261,1056,12211,7,2.9077816061718,32.595732807603
40462,466,983,3929,1243,270,45,5100277,2931,1013,5250,8,8.1898594489672,28.959618939771
40629,465,963,3975,1249,270,45,4716665,2766,1006,4884,17,1.1919661333678,25.981098701116
39844,463,985,4438,1211,267,44,4179600,4251,1036,11909,5,8.5718748079671,43.203052999473
40428,462,958,3926,1228,265,44,5028647,2748,997,6141,12,3.3587204620643,29.577150602043
39820,462,968,4404,1209,262,43,4377871,4116,1018,9556,11,4.575708073357,33.703532784407
39853,461,953,4434,1194,262,44,4911866,3853,1021,11054,11,4.9036391985348,31.248563738009
39776,461,990,4323,1200,253,43,4161132,4033,1035,11121,9,2.0497516050313,34.465049366175
39860,461,966,4460,1171,252,42,4387222,4267,1020,10400,14,2.1205551106833,33.116453823493
39999,461,983,4241,1206,270,45,4525029,3716,1032,9770,14,2.5310041081344,33.404078837931
39874,460,958,4441,1214,261,44,4637739,3919,1008,11390,5,3.6222354898703,32.667392945641
40187,460,979,4072,1193,275,45,4080649,3958,1008,8685,16,10.931948540481,35.719810666037
40100,459,978,4157,1219,250,42,4420272,3394,1014,7723,21,3.8084362788221,34.056081196815
40361,459,976,3807,1200,255,43,4840870,3094,1003,6267,16,4.0866577435168,30.546571195092
40086,459,974,4132,1203,258,44,5331894,3526,1013,7845,18,11.141458381183,34.678045888566
40250,459,959,3987,1228,253,43,4848811,3322,1006,6972,13,2.2730808998329,34.577155821572
40271,456,965,3905,1215,247,42,4608675,2873,1003,6554,5,4.0656687859031,30.086681124079
40058,456,964,3988,1202,238,40,4712261,3146,1007,8436,4,1.6362563320541,31.45965160246
39968,456,971,4371,1176,232,40,4291659,3830,1024,9152,4,6.5545489295931,30.415366797678
39770,455,943,4127,1180,253,45,4243638,3471,989,9534,16,2.4554061310912,30.615645358788
40470,454,974,4082,1221,270,45,5460054,2545,1009,5981,13,3.7276616274782,32.632595228017
40103,454,983,4112,1169,270,45,4825463,3639,1015,8916,9,5.779090784153,34.08299003641
40002,452,966,4223,1197,262,44,5010255,3881,1007,9385,7,6.2259806642915,30.31558949447
39919,452,960,4203,1168,257,44,3961493,3974,1009,10668,13,3.9453078960154,31.959299324805
40184,451,971,4004,1201,248,43,4595919,3177,1008,7276,12,2.1661466099951,34.347218534107
40429,451,949,3911,1200,252,43,4230190,2656,997,6213,13,2.988954370163,47.456064725512
39976,451,948,4257,1182,256,43,4449012,3811,994,10319,15,4.2708833198306,30.862724422703
40165,450,960,4028,1180,255,44,5995696,3732,1006,7131,19,2.5283950020754,31.681190870451
39992,450,974,4010,1167,270,45,4075047,3798,1020,8690,8,3.9058044864815,30.132709355691
40090,450,959,4077,1182,254,43,4472949,3455,1010,8706,11,11.960865580223,31.329454303266
39980,449,976,4246,1167,251,43,3927954,4355,1029,10307,11,11.317305836592,38.871531357132
39586,449,965,4261,1165,249,42,3729801,3902,1006,11028,16,2.4477571380995,32.031431588316
40089,447,959,3907,1168,238,40,4111771,3143,999,8141,9,2.1516824988093,37.580209655133
40380,446,961,3903,1187,254,43,4437768,2616,1001,6642,16,6.194152241532,31.099357170797
39929,446,988,4098,1153,247,41,4404365,3791,1034,10823,8,4.9678119849447,34.046503344866
39752,446,951,4386,1165,230,39,4120461,4578,998,10694,11,4.0280719925645,30.86724331765
39912,445,975,4586,1159,251,41,3875671,3742,1029,12650,11,2.3183398095275,37.038477481978
39993,442,973,4093,1145,237,39,4480651,3831,1013,9335,8,3.1708132518731,33.09139228581
40128,441,970,3762,1145,232,38,4800957,2763,1019,7175,4,2.5555207458601,31.619894668074
40193,440,963,4248,1164,248,43,5350683,3340,1012,8267,7,4.0996941592401,33.84998980891
39832,440,977,4210,1142,243,40,3745330,3855,1022,11130,9,5.8042368814283,35.028274075245
39908,437,969,4187,1131,243,40,4064288,3733,1014,10466,9,11.315525246514,38.711637316109
40026,436,978,3937,1149,236,39,4685544,3524,1019,9189,10,2.8021125624086,36.063397475136
40175,436,968,3977,1138,252,42,4461187,4219,1015,8645,7,2.167473116058,37.307076978738
39861,434,970,4291,1125,234,39,3607865,4267,1016,10472,11,6.7077248006838,34.752712928845
39822,434,948,4229,1138,251,41,3868343,4309,1007,10627,9,4.1659779786559,31.080044388786
39967,433,969,3967,1132,234,39,4572673,3243,1021,8503,8,3.9278738882385,32.545233291927
39917,433,951,4044,1120,232,40,4407819,3944,1017,8877,8,12.539550015577,31.899712900594
40234,433,959,3758,1145,256,43,4643789,3343,1010,8184,7,2.4781761842475,28.341092409931
40005,432,982,3948,1142,225,38,4297307,3633,1028,9397,11,3.7189404011575,35.958463438742
40068,432,969,3947,1142,243,41,4284613,3062,1010,8273,10,1.6340969528826,31.055142257869
40054,432,989,3972,1146,236,41,3789326,3392,1025,8499,7,1.989383979889,31.59484696441
39961,431,979,4191,1110,240,41,3730678,3853,1023,9540,8,16.973554747554,35.179133617997
40164,431,963,3910,1140,234,38,4958066,3181,1005,6954,9,3.7307280381292,29.382549841498
40138,429,977,3845,1120,250,42,4506641,3795,1009,7472,12,4.6678065996864,30.378299847347
39962,428,981,4091,1108,216,38,3823606,4002,1028,9915,11,11.813913771688,33.817493314935
39963,427,984,4005,1104,228,39,4561423,3600,1025,8637,8,3.9226952671886,32.034572551921
39900,426,954,4067,1129,238,40,4635930,3632,1006,9796,6,1.040490367221,31.433941137729
39941,426,974,3966,1121,248,41,4283523,3687,1022,9579,8,2.0660736805023,33.257301806561
39816,426,968,4164,1104,214,36,3913345,3851,1015,10424,15,3.1591644697988,30.012452631995
39933,425,973,3994,1100,230,39,4065033,3493,1014,10380,8,10.595902461691,31.361718268507
39631,424,963,4161,1079,240,40,4229749,4171,1020,10930,15,3.1832935870284,28.903701394422
39939,423,970,4118,1118,232,40,3791032,3574,1026,9816,7,18.466925625403,40.538552666379
39981,423,1000,4144,1092,229,39,3699473,3794,1038,10116,7,2.6857881881592,30.540100259269
40064,422,955,3730,1113,243,41,4685232,3286,1003,7225,7,1.2173273798195,29.315895315961
39833,420,976,3901,1067,219,37,3935046,3895,1030,11227,14,7.9627159340449,31.466699310369
39972,419,957,3866,1080,239,41,3830150,3718,1015,10146,12,4.2558557482843,35.414002081301
39704,417,946,4125,1090,211,37,3849160,4154,1021,10332,9,2.4262058263431,32.028055083346
40072,416,962,3811,1094,238,40,3738039,3114,1008,8932,5,2.4323404550897,33.402528846331
39930,414,974,4086,1073,219,38,3354190,3824,1024,10097,11,5.3469368070761,34.16383716558
40000,414,966,4055,1099,240,40,4110956,3975,1011,9287,8,2.0388319675319,31.93055628664
40171,414,967,3838,1103,234,39,4145281,3297,1008,7938,6,74.688046926514,28.955213897782
40073,414,969,3729,1071,236,39,4305330,3280,1020,8677,8,2.1213662202552,30.826161949499
40224,412,967,3756,1094,236,39,4320458,2773,1009,7172,16,2.0350512431475,30.320639088364
40577,412,969,3379,1084,225,38,5467197,2650,1003,4775,11,2.470983564734,28.200567961313
40226,411,959,3722,1083,221,37,4303599,3525,1012,6525,20,14.059105012165,29.844907269791
40289,411,977,3644,1098,244,41,5055275,3078,1018,7098,14,2.4554543645385,32.130813461389
40091,410,975,3844,1086,241,40,4891806,3056,1013,7771,2,2.2493863904113,31.785147544689
39892,409,969,3991,1025,235,40,3564591,3651,1011,10252,5,7.1219455675404,30.94128497571
39881,408,947,4259,1077,228,38,3922966,3648,1011,9993,10,9.9899791729999,37.590209552968
40011,407,944,3789,1057,217,36,3493866,2837,1005,9433,5,8.0982513566063,33.429856668704
40328,406,969,3491,1062,224,39,3973744,2907,993,6323,9,5.3995084647834,32.0730735004
40012,406,978,3854,1052,234,39,5045154,3914,1019,8524,4,4.2960816107776,34.797683888634
40151,403,967,3679,1049,228,38,3628940,3226,1000,8765,7,10.937902037466,43.359026687515
39931,403,984,4022,1025,207,35,3200019,3849,1028,10347,6,5.907079244014,30.890170780751
39854,403,962,4003,1038,222,37,3110633,3738,1021,10769,8,3.2904121898943,31.036985521198
39997,403,967,3824,1055,214,37,3926959,3700,1011,8502,12,2.0353059617896,31.581863265217
39905,402,983,3873,1048,229,38,4147215,3417,1025,9636,9,6.3888319010941,37.383763039977
39894,401,959,4020,1051,228,38,3174894,3328,1015,11409,6,4.3359704396506,33.587396338677
39897,401,963,4037,1021,217,37,3093802,3359,1023,11415,6,8.5206334186602,32.426856590072
39705,400,979,3953,1041,223,38,3134659,3718,1018,11052,16,2.24838310762,30.699860530588
40520,399,971,3460,1055,230,40,5413496,2670,1006,4733,15,5.5418631601496,31.312095434992
39957,398,977,4100,1047,214,37,4204125,3222,1022,10149,9,2.2849334296557,32.331272704668
40036,397,973,3709,1044,217,38,3893271,3339,1010,8699,7,2.0791556577798,34.534123329955
39834,397,962,3753,1025,213,36,3417668,3768,1029,9012,12,8.9347494729644,34.120151145741
40094,396,958,3656,1044,228,38,4164071,3066,994,7260,5,5.3554742342886,33.818713510299
40257,396,967,3614,1045,228,38,4576351,3212,998,6936,13,21.045839463436,32.399082311102
40116,396,972,3759,1049,210,36,3857467,3528,1019,8849,6,8.4431803054006,32.001457298459
39909,395,965,3856,1021,219,36,3568107,3497,1002,10725,5,1.1115903399118,31.915668530641
39907,394,969,3707,1007,225,38,3249135,3246,1013,9906,10,7.510609101919,36.850472007101
39937,394,981,3785,1019,207,35,2948704,3714,1036,12252,11,4.5081237671233,30.810920693892
40152,394,970,3621,1042,220,37,3911699,3032,1011,7947,8,4.1295500157239,32.969256261795
40118,394,963,3938,1056,230,39,3663115,3670,1006,8069,6,2.0342106877536,30.723807102397
40229,393,970,3548,1048,226,38,4148411,3242,1006,7140,10,1.9778387652303,29.981722634469
40301,393,970,3404,1046,222,37,4401339,2586,1000,6488,4,7.367813089484,29.739066373126
40639,392,970,3287,1040,234,39,4401479,2375,1002,5017,15,74.623614509385,27.778185461894
40123,392,948,3516,1039,223,38,5106414,2802,996,7082,13,13.363312892285,32.402823243898
39888,392,957,3772,997,187,32,3306675,3452,1028,9819,6,1.9264945724119,29.367945778417
40009,392,974,3762,1023,225,37,3648265,3709,1019,10263,9,1.9129381037994,28.29521580408
40079,391,974,3599,990,219,37,3363493,3288,1019,9499,5,8.55418375288,34.243420651557
39949,391,960,3771,1021,209,36,3470242,3186,1017,11502,10,5.0846271135793,31.133613139299
40080,390,959,3563,1018,210,36,4543581,3315,999,7878,12,2.8382712244425,30.775918830021
39928,390,961,3725,987,166,28,3426465,3612,1022,8786,15,2.9382357190248,30.616105042153
39934,390,972,3869,1007,202,38,3138442,3391,1022,10785,7,1.0548488888244,36.700889377343
40365,389,965,3492,1022,219,37,4511330,2889,1009,6376,11,24.141979083549,33.487364194609
39951,389,969,3530,1004,220,37,3897610,3274,1009,8005,15,10.345278834603,37.50300707161
40077,388,966,3766,1032,212,36,3783105,2960,1010,8395,8,5.3914941911256,32.900884531602
40140,387,973,3477,989,212,36,3954950,3247,1009,7300,17,4.6704712732948,34.315979113973
39964,387,974,3616,1000,196,32,4262108,3375,1017,7976,12,1.8257254374721,32.125888707838
40027,387,970,3864,1012,220,37,3380286,3157,1009,9152,13,2.1823307409644,34.12852177467
39979,387,970,3737,997,202,35,3381041,3545,1012,9350,5,9.5110345282513,33.885562093696
40111,386,947,3634,1011,222,37,4285588,3362,1010,8425,6,8.0968770989727,32.512691241293
40293,386,956,3386,1014,222,37,4018911,2757,1004,7325,8,23.059988230178,33.410740390915
40549,386,981,3258,1012,223,37,4745770,2786,1015,6239,9,2.7956502006602,28.473114947669
40260,386,974,3421,1020,210,37,5062723,3211,1017,7194,18,6.8016120160391,29.09187610131
39989,385,972,3654,1002,222,37,4235154,3479,1019,9226,5,12.530736392818,34.030010950035
40286,384,976,3526,1024,214,37,3929139,2983,1008,7552,9,1.0083720122244,33.835722000591
40278,384,957,3553,1022,225,37,4198371,2957,1005,6723,10,3.279861841006,33.274977418906
40519,384,951,3293,1016,224,38,5320830,2795,1002,5262,13,22.605059637492,37.174041741874
40273,382,970,3545,1018,216,36,4339817,2681,1008,6671,15,3.0836036394034,32.985862096457
39778,381,967,3984,991,203,35,3860278,4038,1016,10659,11,4.8132568660149,30.366048247954
40035,380,974,3707,975,204,36,3532673,3282,1012,8593,5,3.9054922179618,33.767489899497
40161,380,976,3543,990,222,38,4504179,3076,1010,6949,13,3.2781979819333,27.471642872772
39935,379,950,3743,952,203,35,3382313,3412,1011,8852,11,16.039913639961,32.007206998331
40249,379,979,3354,995,216,36,3899673,2724,1017,6735,9,4.8707697546907,32.207333431963
40256,378,978,3370,994,222,37,3650452,2269,1014,7511,11,4.3887543114905,33.681426164007
40247,377,958,3549,983,222,37,4156091,3231,1005,6909,14,5.7348634915113,30.238695094893
40087,377,962,3605,990,213,36,4091996,3148,1005,7909,11,2.0757328603485,32.166993279187
40477,377,961,3301,973,210,35,4520784,2615,993,5492,10,1.498507821956,28.777113208302
39774,376,940,3868,961,214,36,3292298,3925,1009,9986,11,2.8207606314624,31.523916748034
40326,376,971,3363,989,203,35,4405608,2701,1010,6525,5,18.733875833016,31.775176001393
40438,376,952,3322,993,222,37,4146935,2467,1004,6134,12,3.1202614704666,33.154761047881
40468,375,975,3318,994,213,36,5063787,2998,1004,5090,19,3.6727478492092,34.750096794412
39920,375,979,3771,967,192,32,3597315,3421,1021,9393,5,5.2091759680743,30.698235728388
39991,375,974,3691,985,210,36,3652315,3073,1024,9161,12,4.7664308252353,31.530977621866
40178,374,976,3433,983,221,36,4235401,3004,1014,7560,3,3.1272472640897,32.337208418956
40280,374,977,3407,973,205,34,3730358,3059,1023,6396,12,5.0776721242272,29.136861652943
40212,374,969,3405,991,205,35,4467509,2908,1005,6847,6,3.157246790361,30.791882163363
40050,372,972,3569,967,217,37,4087765,3385,1014,8973,9,11.129584203275,32.659335412813
39998,372,938,3456,957,215,36,4226643,3190,1002,9387,12,2.2394491900016,31.807735764293
39927,372,966,3683,959,210,36,3786888,3730,1017,8984,8,6.1336855149157,33.765886187942
40069,371,962,3561,967,210,36,4464184,3188,1012,8186,10,4.7727056260818,30.698751633251
40105,370,967,3502,962,211,36,5279969,2914,1019,8308,4,1.9540770424653,33.496793073344
39938,370,975,3623,944,208,35,3350021,3253,1018,9683,8,2.4093544409303,31.951485680142
40404,370,975,3208,982,210,35,4332187,2357,1016,6328,17,5.9087579051437,28.532371710777
40071,369,960,3466,976,206,35,3286996,3291,1014,8015,8,4.2940467645515,31.436983048131
39884,369,966,3731,946,194,34,3163397,3145,1013,10006,19,3.0250963467962,32.20100822654
40033,369,952,3603,958,218,37,4429040,3255,1020,8558,14,2.9772896782518,30.579916994804
40318,369,966,3405,979,209,35,4264599,2544,1007,6614,17,1.9883568427613,29.717216114354
40024,369,958,3460,952,213,36,3891686,2841,1005,8535,10,12.755653329226,33.310794914547
39879,369,974,3832,964,201,33,3353974,3037,1030,9760,15,10.325957683148,36.844831487155
39995,368,971,3618,957,211,35,2863656,3281,1013,10030,12,2.3433266096715,33.951569310679
40557,368,963,3183,975,216,36,4701774,2118,999,4735,16,2.1255502321801,26.46400998184
40059,368,966,3305,932,200,33,3904963,2879,1002,7337,6,10.342923682346,40.717351536885
40287,367,972,3329,956,210,35,4368159,2743,1012,6530,9,2.1653213183987,32.557573254406
40216,367,969,3455,959,209,35,4345575,3304,1022,8015,11,5.1562506441851,29.607215055932
40142,367,962,3458,965,210,35,4575315,3015,999,7822,12,2.1857206446129,41.587243432174
40023,366,975,3548,937,198,34,3551272,3458,1014,9520,6,10.329232019877,39.433638491886
40498,365,964,3217,967,214,36,4794302,2808,1005,5322,17,7.6221294895663,31.545685737889
40246,365,965,3315,970,212,35,4364241,2610,1011,7198,5,10.63786131409,30.077644967359
39914,365,972,3797,952,205,34,3301681,3162,1017,9241,10,1.9714000119544,30.192918647794
39978,365,954,3646,957,185,30,4135007,3411,1003,8543,12,14.681991314782,30.732296573868
40267,363,964,3332,963,204,34,3799908,2454,1009,6585,4,17.515795380671,36.511566738775
40139,363,961,3502,954,216,36,3653516,2817,1004,8319,4,6.6253401203725,31.50167298221
39950,363,966,3672,952,184,31,3496469,3115,1016,9173,5,3.2204555169533,30.284911607671
40575,363,948,3076,967,208,35,4869659,2461,990,4503,15,2.1702559742295,29.998530726052
40391,362,959,3143,962,210,35,4526931,2989,998,6080,13,3.5453131368687,29.738404745554
40040,361,964,3498,935,216,36,4211352,2853,1011,7844,6,2.2435969131965,30.580703049816
39952,361,962,3498,939,204,34,3733204,2976,1009,8812,9,12.724681620027,45.96240735656
40112,360,961,3437,937,194,33,4170996,3070,1017,7435,14,6.3116521188373,30.516654970586
40185,359,955,3419,944,188,31,3574520,3163,997,6897,7,19.969510831987,43.543748914176
39994,359,960,3408,930,207,36,3544765,3105,1008,9002,10,3.7781595943488,28.942993685366
40015,359,955,3605,951,200,34,4241918,3158,1005,7805,6,11.605858388551,30.215378008383
40004,359,959,3705,936,189,31,3775433,3193,1007,8628,10,6.0130775017226,32.337228675787
40243,359,965,3345,953,206,35,4261551,2712,1004,7323,11,122.61862137691,32.199779643745
40386,358,964,3242,960,210,35,4422990,2636,1006,5486,14,3.9577138594768,28.523079628765
40188,358,959,3457,929,204,34,3879846,2794,1007,7503,8,1.4507261957448,31.988941873948
40063,358,966,3469,933,192,33,3851888,3193,1004,7715,9,2.500950802149,34.568310321169
39798,357,935,3656,920,193,33,3012414,3302,990,9469,8,7.885722058078,32.286003523881
40126,357,964,3501,952,204,34,3469580,2902,1003,8296,6,5.3013862349583,33.057730808517
40146,357,969,3259,931,204,34,4033563,2327,1001,7975,13,14.827527849449,32.284608597217
40444,356,963,3123,945,198,33,4100531,2412,1010,5579,12,14.528465608759,29.906031314383
40650,356,958,3008,947,204,35,4863935,2309,985,4750,11,26.920202930434,30.377923404548
40061,356,963,3415,934,198,33,3885878,3083,1019,8121,5,16.808562347397,38.378135399792
40085,356,971,3761,911,194,32,3999977,3301,1010,7927,7,6.9954699012405,30.17117846254
40729,355,957,2902,946,210,35,3221601,1822,986,4505,10,2.4846262889218,24.721101233171
40041,355,942,3570,912,192,32,4277110,3347,1000,8747,6,10.586731236409,31.152443937722
40081,355,954,3384,924,194,34,3717026,2923,1000,8385,7,3.9758561117811,29.47065304567
40592,354,965,3092,942,197,33,4917649,2524,998,4276,12,7.3689110149781,27.98431997873
40076,353,957,3809,939,210,35,3711225,3067,1009,7934,1,2.0763367924735,33.443338140313
40057,353,966,3411,914,192,32,3243907,3103,1011,7866,12,2.7844373308349,30.441844151642
39975,353,955,3550,929,198,34,3231186,2892,1018,9539,9,19.598346819069,35.177112815203
40010,353,978,3568,919,204,34,3644741,3422,1027,9100,7,4.5278043864204,30.576620407768
40135,353,961,3345,920,202,34,3834117,2824,1011,7079,6,74.696025399252,32.630175855725
39870,352,949,3884,911,200,34,3441746,3034,1012,9352,3,10.800263036905,34.352056531792
40158,351,976,3266,919,194,34,3520498,2824,1015,6825,6,11.134258229212,30.961275203091
40443,351,964,3126,926,210,35,4279965,2948,1013,5932,13,8.6185600221001,30.452617470522
40008,350,967,3448,917,190,32,3312854,3192,1019,8956,17,6.6116336854085,34.264683179008
40191,350,964,3267,912,188,32,3382109,2650,1007,7261,5,5.9679192795337,31.487615001193
39792,350,946,3714,897,174,30,3274904,3396,996,9909,10,1.6880183968451,30.235976460129
40170,349,971,3286,908,185,32,4162274,2904,1002,6899,20,7.5613520145275,32.190793712949
40037,348,962,3672,912,196,33,3303770,2992,1013,9203,8,2.9487288239422,34.731109154022
40051,348,969,3406,908,199,34,3734084,2667,1003,7088,4,11.611825449963,32.264462652274
40155,348,979,3298,927,193,33,3889221,3030,1022,8179,6,3.2891459280153,33.227821560271
40053,347,984,3493,900,186,31,3425700,3008,1026,9150,8,2.1674622677261,30.921035442983
40060,346,983,3587,899,198,33,2758711,2927,1023,8790,5,12.222041674787,33.968865318174
40374,345,977,3172,900,188,32,4492823,2813,1010,5993,11,14.878792422397,31.152212479112
40110,345,965,3358,915,196,33,3777915,2904,1011,8309,7,14.82290040137,32.001875853128
40104,345,963,3284,890,192,32,3764767,3496,1010,7987,6,1.8849117352987,30.013598817645
40206,345,970,3343,904,197,33,4783594,2676,1004,6941,8,1.9130291604871,30.037644094679
40030,345,964,3351,907,186,32,4135356,3292,1010,7331,7,2.0573241584259,30.41626450534
40299,345,955,3161,903,177,32,4093787,2618,1002,6745,9,5.9504720444625,32.245930744614
40143,344,987,3339,912,190,33,4278626,3020,1016,6902,8,10.634862534396,32.776550044048
40402,343,953,3148,887,196,33,3671094,2347,1015,6474,4,1.9902988493865,30.948750884254
40044,342,966,3401,889,181,30,3627743,3168,1017,8032,6,6.044295583669,30.28084349347
40066,342,979,3538,876,204,34,3563535,3145,1020,8418,5,4.7480656454592,30.427741075141
40291,342,963,3228,896,195,34,3841021,2997,1005,7425,9,12.167324654459,31.649106871058
39985,341,974,3444,888,197,33,2793509,3285,1011,9497,4,4.4862998028479,31.268478387813
40598,341,964,2932,910,198,33,4775326,2442,1004,4675,8,5.1832193323898,34.427210866552
40109,339,955,3118,900,194,33,3369986,2143,998,7776,13,2.1468921017088,31.064179952769
39984,339,922,3293,874,198,34,3073485,2772,1029,8212,14,1.3598086744889,29.53562713417
40288,338,966,3131,904,176,30,3741197,2471,1003,6192,8,6.0028736175235,30.371164485267
40034,338,955,3286,878,192,33,4137004,3313,1000,7502,7,3.1605561675233,31.989322764792
39956,336,961,3472,883,185,31,3070623,3014,1013,9178,4,5.1014936351802,35.067638137438
40334,336,972,3033,892,191,32,4030063,2234,1009,5317,8,4.1345936130667,26.745074924286
40095,334,978,3231,885,187,31,3641175,2522,1015,7491,6,16.755660133972,36.426784738803
40043,334,972,3352,868,172,29,3385602,2840,1016,8367,6,18.187279420855,32.595813723966
40458,333,957,3000,884,198,33,3626082,2623,998,5258,7,2.0745920073588,34.824596669892
40354,332,958,2977,864,187,31,3971966,2766,995,5836,7,12.540670691205,29.124243007792
40130,331,957,3168,866,181,32,3683384,3056,1003,7421,8,2.3107398898828,29.934058569858
40529,330,965,2855,873,198,33,3902332,2209,1006,4625,11,24.433039107639,29.283701899618
40162,330,959,3259,862,178,30,3507451,3319,1001,6964,13,4.1545437396133,30.541451958069
40134,329,947,3313,854,183,29,3707611,3276,1001,7018,8,4.7272779877645,30.170905105842
39953,329,942,3432,862,173,31,3240444,2930,1001,8907,7,12.540562357302,29.307326547598
40192,329,966,3176,845,192,32,3231636,2759,1004,7008,9,10.260532643364,30.447116235856
40359,329,970,2969,884,171,28,5050249,2447,1007,5214,13,12.811122993359,30.931399714413
40235,328,972,3543,876,186,31,4452900,2743,1013,6602,6,2.2690985431076,32.137273582386
40513,328,951,2891,858,182,30,4278096,2206,993,5436,12,4.2747001057181,25.705570299418
40208,328,946,3063,856,186,31,3527643,2693,994,6014,9,1.3562035517847,30.952727268662
40253,328,978,3098,859,168,29,3646395,2570,1018,6995,8,4.6197847937748,29.313585658249
40343,328,961,3145,865,186,31,4154874,2843,1000,6020,9,6.2202077241628,28.95502532273
40489,327,945,2927,870,178,30,4409570,2369,998,5638,7,1.0289394789494,28.163174202356
40225,326,964,2939,826,162,28,3975004,2731,998,6759,9,2.1536772037815,27.187555518677
40046,326,951,3274,861,175,30,3328261,2870,1005,8420,7,1.9211501609732,32.246360226829
40219,325,967,3153,836,182,30,3443736,2387,996,6442,3,10.145317630102,27.841036618732
40093,325,942,3108,829,186,31,3270312,2911,1003,8907,7,5.3994676601434,30.92506314143
40362,325,971,3091,869,182,30,3680948,2747,1007,6179,7,20.982751628157,30.2730613098
40329,325,967,3069,853,192,32,3980255,2656,1003,5897,9,23.064916400318,33.268624723029
40284,324,974,3046,852,180,30,3524498,2602,1018,6501,12,3.0469346759574,29.659865525791
40173,323,967,3410,841,183,31,3746152,2839,1005,7138,13,2.1178261968953,33.201088945716
40207,323,964,3148,845,175,29,3842350,2794,1009,6600,5,74.683082196267,33.380760465977
40176,323,957,3023,833,187,31,3685783,2614,1001,6509,6,1.2380057925175,29.479230145977
40507,323,963,2856,849,180,30,3256483,2018,999,4672,14,4.1578727545775,26.861430597489
40236,322,968,3147,840,181,30,3973867,2820,1004,7322,5,4.1614418970806,36.101964626666
40308,322,968,2883,832,171,30,4080392,2200,1010,6177,7,9.2374662199978,31.93964422708
40384,321,954,2954,858,192,32,3777522,2669,1005,5915,9,15.577354980989,29.26187038719
40101,320,960,3341,847,184,32,4085937,3124,1008,8229,12,4.9737525756249,31.451700690237
40145,320,944,3207,843,187,31,3355863,2934,1003,6719,12,4.1402993278587,30.487731395456
40652,319,968,2773,849,186,31,4228912,2163,994,4114,10,15.840913718266,27.850598508103
40153,319,970,3051,843,169,30,3586422,2637,1011,7312,10,7.0405531969851,26.571234166865
40340,318,976,2995,846,180,30,4145964,2722,1006,5577,12,10.889012309658,30.224319100652
40316,318,965,3035,846,181,30,3483061,2770,1001,5371,14,5.0785806940953,28.606395995034
40576,318,978,2766,855,174,29,4521348,2477,1013,4689,9,4.3916084337875,29.500972215778
40379,317,960,2986,844,186,31,4246804,2632,1009,5901,7,2.4573754553899,30.870177138178
40530,317,951,2790,853,182,30,3407870,2110,989,4538,4,2.3453900820047,27.415524886899
40270,317,964,3007,850,162,27,3868033,2490,1007,6282,7,2.1767727448667,34.042140090157
40407,317,959,2888,844,183,30,4454421,2571,1003,5965,11,2.5301456555931,31.586550962269
40388,317,984,2881,827,162,28,4372822,2384,1024,5073,8,3.6552688511583,31.753965319572
40720,317,969,2690,845,186,31,3285054,2034,1005,3880,8,1.9107055002133,26.291188135456
40736,316,952,2666,846,180,30,4900433,2038,997,3230,16,8.9542956514389,26.012350958718
40018,316,953,3182,843,183,30,3126641,2695,1005,8119,9,8.1539502259527,31.354542218926
40355,316,955,2831,834,176,30,4171993,2333,996,5438,6,3.1539880469381,29.577048311384
40083,316,965,3262,830,186,30,3420574,3050,1016,7500,3,3.8653162282083,35.606662722642
39924,315,962,3480,794,159,28,3658710,3110,1026,9421,3,4.2293248167699,35.462055393013
39977,314,967,3195,816,178,30,3334663,3005,1026,8934,10,8.0570547103563,29.730008603001
40227,314,957,3035,835,173,29,4080654,2416,1001,6989,8,1.1498170998503,29.377941431544
39969,314,959,3231,814,173,29,3286119,2840,1009,7718,10,3.8637054358589,30.429146456058
40426,314,974,2971,832,184,30,4211202,2239,1012,5053,13,1.2486808640376,28.89435755678
40190,313,970,3013,827,166,29,3517633,2705,1017,6627,11,3.4319585136172,28.424877689758
40322,313,976,3059,828,169,28,3498318,2650,1012,6779,6,3.8836206830743,28.450998504292
40377,313,962,3043,818,151,25,3897207,2503,1005,5773,10,9.7427934663986,29.257738074529
40324,312,964,2947,823,181,30,3414551,2744,1003,5841,6,5.9201119281848,31.395353140953
40074,312,974,3275,810,164,30,3291908,2991,1032,7264,9,11.997270408791,28.685108443917
39958,311,975,3380,798,154,29,2906470,3073,1023,8448,5,2.2206879558102,29.135820104445
40131,311,967,3098,791,175,29,2995013,2687,1008,6703,8,16.76502532072,34.760484889041
40248,311,951,3012,811,175,30,3634875,2424,1008,6120,7,2.9466154254899,30.471379411338
40114,311,955,3050,809,181,30,3276299,2959,995,6657,17,2.2601448669223,33.619688097132
40401,310,969,2779,810,163,27,2876342,2158,1007,5633,7,25.267606809589,31.753157424911
40547,310,962,2763,825,185,31,5556245,2291,995,4650,9,13.277945326668,29.362888275712
40070,310,958,3116,813,168,28,3373502,2850,1008,7507,7,5.6997899104327,27.848286237005
40422,309,968,2747,800,172,30,3538729,2497,1007,5433,11,2.9617371091076,30.343831255902
40392,309,972,2847,800,155,29,4180158,2416,1003,5600,14,6.7645397796832,30.652108537818
40223,309,947,2983,805,170,30,3390875,2554,999,6430,12,10.928754376588,30.123092796762
40352,309,973,3042,818,180,30,3289802,2450,1013,6686,13,2.8155760670022,29.533210665336
40521,308,954,3261,812,174,29,4349748,2510,999,5221,10,3.71245514713,25.177270898915
40537,308,975,2763,817,174,29,3444938,2125,1005,4773,7,7.0542427745719,30.044823132271
40179,308,959,3125,818,180,30,3681400,2778,1005,6972,5,4.7407718206008,31.634105730237
40042,307,949,3110,777,167,28,3498358,2653,1005,8045,10,4.9143339965934,35.058764169235
40136,306,966,3113,800,171,29,3440712,2828,1006,6508,10,2.2677629743482,31.909618195826
40106,306,951,3108,813,180,30,3404810,2597,999,7999,8,2.220935137594,30.41423154602
40180,305,970,3087,800,168,29,3258502,2714,1006,7038,7,6.0203004514525,31.453384315161
40254,305,956,2972,793,180,30,3150791,2225,1005,6419,10,18.739051311036,29.401394778709
40347,304,950,2815,818,154,27,3400618,2432,993,5584,10,21.973990949593,38.861625691424
40167,304,963,2820,783,170,28,3765634,2751,1008,6553,12,19.295817870791,41.027307144061
40320,303,984,2882,788,169,29,3384901,2255,1016,6512,5,1.2119386182008,30.783720012618
40668,303,970,2591,798,168,28,4291335,2006,994,3296,15,6.1135726310735,26.487687456777
40350,303,967,2937,813,180,30,3673610,2877,1009,5571,6,5.8704213947945,29.368007520956
40240,302,961,2858,801,166,28,2763533,2460,998,5889,8,13.872887133936,29.581517234378
40088,301,957,3078,765,168,28,3050301,2788,1016,6791,9,5.1293369941978,33.078983518752
40218,301,983,2947,792,161,27,3115690,2742,1012,6524,5,16.556028432645,30.504702569747
40295,301,939,2857,778,176,30,2583279,2723,994,8086,2,10.912994339509,31.231536945946
40446,301,963,2713,792,174,29,4566197,2091,1009,4965,7,16.637933646192,36.222645047262
40121,300,966,2983,788,161,28,3409789,2891,1019,8110,9,6.6444591250975,34.332602246436
40439,299,964,2684,772,158,26,3258178,2027,1003,5371,3,13.290521517872,34.938627843481
40398,299,976,2833,785,163,28,3472601,2461,1016,5897,10,20.987559492762,31.923063900251
40597,299,941,2556,780,159,27,3733268,2058,992,4311,10,6.3323942138112,29.621791922123
40675,299,942,2512,790,174,29,3979306,1804,974,3513,11,74.619665071043,26.140253120049
40231,299,966,3090,773,167,29,3154095,2793,1014,6825,10,17.498247957301,28.789761220469
40282,299,971,3043,793,159,27,2974653,2521,1011,7401,9,10.64563607842,29.142652687499
40705,299,963,2540,792,168,28,4047358,1895,992,4783,20,1.8184810549745,25.144760936007
40055,299,949,3105,782,169,30,2784767,2962,1003,6825,5,5.4077908636551,28.544434088448
40084,299,965,2940,769,150,25,3269873,2430,1006,7378,11,8.3312030745453,30.108182183201
40154,299,954,3170,784,166,29,3104179,2931,1003,7796,12,13.04713903774,27.829836963512
40516,299,961,2696,795,173,29,4298516,2282,1000,5164,20,2.6315112714646,28.068924790066
40137,299,956,3036,771,162,28,3301709,2734,1008,7085,7,2.0027479867191,28.324937144532
40550,298,960,2676,794,163,29,3174609,2327,998,3990,14,7.8481993599826,26.860461411142
40433,297,961,2635,775,174,29,3859901,2158,1003,5252,10,2.1044603022337,28.737628238387
40156,297,986,2924,770,156,26,3625390,2862,1024,6685,4,10.258037164717,28.615295468438
40665,297,958,2611,794,168,28,4123860,2016,986,3587,12,1.9919081744744,24.751809096912
40338,297,977,2802,788,171,29,5178457,2498,1016,4934,6,14.876811083493,29.248447370832
40169,297,958,2858,783,162,27,3622897,2272,1002,6281,7,16.817907493781,31.360348785626
40467,297,955,2780,775,168,28,3987038,2584,1008,5961,12,12.79955268617,28.85302255669
40493,297,956,3004,787,168,28,4169804,1941,989,4599,15,24.290616423543,27.440163941579
40689,296,953,2523,761,171,29,3392387,1961,989,3833,4,34.888487155811,25.399890605589
40277,296,965,2987,775,165,28,4034176,2409,1009,5580,10,23.128234393488,31.798679191796
40022,295,961,3135,771,174,29,2990068,2608,1001,7971,8,2.0623711914201,30.399420586712
40539,295,980,2600,776,174,29,3570671,2338,1007,4530,12,2.7815539690156,30.645257185408
40129,295,961,3050,781,168,29,2743736,2442,1008,9051,4,5.3961196129559,31.106199363124
40606,294,958,2583,774,165,27,4202776,2156,998,4150,9,12.489315031243,30.682547751552
40194,294,967,2793,756,150,25,4535240,2550,1004,6415,8,13.082084175753,32.386832772907
40525,294,967,2745,779,173,29,3264302,2317,1005,5768,8,8.3457733588266,28.53037777063
40296,294,980,2931,772,166,29,3853052,2596,1009,5838,5,6.8723129326604,29.76384420145
40425,293,950,2753,782,168,28,3652610,2466,992,5259,9,6.2067678903894,31.134571283382
40447,293,947,2730,776,169,29,4093493,2717,996,5315,19,20.635503089553,27.403271858371
40276,293,974,2990,771,161,28,3357450,2530,1010,6424,7,15.599552846582,35.050900568392
40148,292,978,3078,763,166,28,2957815,2793,1012,6426,9,5.6464071934139,32.112889266747
40300,292,945,2707,757,164,28,3278999,2106,998,6573,8,12.378184621179,35.581467006051
40082,291,980,3038,755,163,27,2834271,2509,1021,7281,9,7.7497785261498,29.951807392554
40049,291,948,2999,751,164,29,3305978,2776,1004,7652,6,8.2475921644184,28.156132234884
40016,291,939,3151,762,163,27,3283928,2663,1000,7373,12,8.417307123422,28.600799472151
40357,291,955,2794,770,151,26,3667404,2444,998,5498,4,3.4726643922155,29.70532039926
40564,289,950,2572,769,151,28,3870087,2142,996,4092,8,18.566672657478,24.205713802417
40078,289,969,2951,735,149,26,2924796,2629,1011,7921,11,1.7720048069015,28.170759423538
40403,289,955,2684,748,166,29,3415361,2085,1002,5380,6,13.267972224267,33.390595106013
40683,288,952,2480,769,162,27,3819082,2272,980,3427,12,16.80250369349,29.479422561686
40274,288,961,2914,755,156,26,3424852,2444,998,5926,10,7.3647600125202,28.852825338294
40605,288,949,2570,780,168,28,4652210,1889,991,4000,18,2.2674651326801,24.902012633914
40302,288,970,2766,755,156,26,3311896,2230,1008,5467,11,13.077206444238,31.943776680596
40596,287,954,2489,760,164,28,3716022,2105,996,4304,3,1.0967702845641,27.780808357564
40252,287,971,3076,764,158,28,2996682,2681,1008,5738,9,4.5913643357703,30.706567803704
40416,287,969,2806,746,152,26,3406261,2316,1017,5712,11,4.1365074607175,30.303343103165
40548,287,944,2575,754,163,27,3578900,2056,999,4819,11,3.6458810673854,26.143228054012
40174,286,960,2921,745,160,27,2903468,2284,1006,6769,8,8.5689414866021,29.053800217382
40014,286,974,2997,737,150,25,2568988,2606,1011,7523,5,14.683999185527,31.529857855746
40244,286,957,2750,761,156,26,3731619,2863,1008,5621,10,7.0395076551744,28.453482683926
40487,286,967,2656,761,162,27,3198133,1957,1007,4811,15,2.2300344843366,27.914724468029
40149,286,964,3327,745,146,25,3128020,2811,1008,6938,6,19.908089859788,29.743967487499
40413,286,954,2856,751,152,28,3162219,2130,994,5328,6,3.0489825921986,27.130095645514
40262,286,977,2781,747,163,27,3601082,2603,999,6053,8,20.776088871471,29.419912502582
40556,285,963,2498,757,170,28,3547808,1811,1008,4169,7,14.914990153135,28.674672145218
40096,285,962,2951,748,165,28,2845925,2539,1007,7293,11,13.885843897605,38.28833624511
40107,285,969,3077,754,160,28,3571959,2474,1015,7799,7,7.4936594455703,32.075617544532
40201,285,972,3053,745,157,26,3058932,2464,1015,6396,6,7.4517934644918,29.418060140616
40405,284,969,2625,723,167,28,3262799,2314,1007,6017,3,1.5153393740633,26.689771688122
40132,284,952,2902,748,166,27,2881618,2491,991,6607,10,13.8870062948,34.377785331266
40628,283,952,2435,743,163,28,3985914,2057,993,3941,10,10.908816362683,24.784009124494
40387,283,963,2700,757,152,26,3244461,2193,1002,5367,6,122.38375405386,33.270642271533
40098,283,948,2942,731,156,27,3295044,2596,1011,6981,7,3.5294948569594,33.204731946653
40463,283,970,2719,731,156,26,4006117,2423,1011,5620,9,3.996506695683,30.025134683633
40410,282,963,2659,748,156,26,3284114,2044,1008,4919,13,14.875481543475,37.43936165495
40195,282,946,2766,740,162,28,3102748,2288,1005,6677,4,15.466059227185,31.392538811468
40552,282,957,2560,743,168,28,3498071,2101,1001,5174,16,3.8764673921134,28.992107143006
40335,282,948,2829,741,164,28,3320337,2458,1004,6343,10,1.0935734024532,30.723930038699
40122,281,965,2924,729,130,23,3064361,2322,1011,7045,8,11.137555842214,29.350269205499
40197,281,985,3118,744,162,27,3239144,2823,1018,6925,9,3.1712999012179,28.347033122425
40582,281,963,2549,756,163,27,4283216,1871,1003,4535,8,4.3409641993313,27.805970653104
40189,280,961,2830,719,150,26,3593287,3009,1009,6575,6,2.2887959927471,26.882086210754
40351,280,966,2703,741,157,27,4492362,2295,999,5073,13,74.634970508068,29.135822063959
40092,279,967,2976,713,153,28,3145315,2942,1016,6615,8,3.3380064645173,30.946944945794
40504,279,968,2510,733,156,26,3892183,1858,1002,4300,8,3.8409026167227,28.168439090758
40259,279,947,2724,691,142,25,2882644,2362,1011,6939,7,10.932676697825,36.004249560454
40459,279,950,2701,734,162,27,3269040,2122,1006,5415,12,74.642735250658,24.738955428474
40120,279,960,2899,723,158,27,2446930,2600,1015,7283,11,8.3384698847826,30.006650841205
40578,279,954,2549,743,162,27,4192221,1909,991,4897,11,8.2030333140603,30.639681253381
40163,279,961,2884,730,153,26,3037409,2527,1009,7533,5,7.4091701548118,29.593695414557
40202,279,947,2996,734,157,27,2894087,2794,1002,6693,8,3.2934612261342,29.133068220191
40157,279,970,2929,740,151,26,3623106,2263,1006,6776,17,4.6538159599449,32.202809916866
40456,279,945,2641,739,158,27,4050050,2422,995,5549,7,15.582436746867,27.98167633734
40645,278,966,2469,752,162,27,3712889,2049,1001,4007,6,4.176659856938,27.676114168069
40327,278,975,2812,731,162,27,3103460,2527,1006,6401,14,13.258599609654,29.416027118864
40492,278,965,2673,748,157,26,4031886,2241,1011,4217,9,18.592402229489,27.426393920067
40325,278,968,2684,732,144,25,3824423,2196,1002,5575,17,3.1119503668142,32.014751431862
40546,277,950,2571,733,162,27,3480588,1831,993,4526,7,3.4249158018211,30.086085749073
40372,277,954,2734,729,150,25,3509500,2064,1005,5194,13,2.7849261645575,29.846697587696
40612,277,956,2447,745,162,27,3787210,1805,997,3747,8,9.0516285520611,27.989164155388
40210,276,976,2787,709,156,27,3676259,2561,1022,6885,5,6.2885408762058,30.80095511581
40497,276,967,2702,715,155,26,3324639,2113,1001,4880,8,6.1398465218713,27.510515642828
40124,276,964,2942,724,151,25,2673718,2644,1010,6752,9,6.8631473744595,29.743793850493
40524,276,945,2496,720,145,24,3617886,2506,998,4988,9,3.345462238628,29.282488406197
40608,276,972,2482,729,162,27,4881988,1979,1000,4401,12,6.4754533631432,28.123298123065
40141,275,957,2869,717,144,24,2710019,2794,1016,6925,6,4.1543212997814,31.331813519218
40451,275,960,2736,703,153,26,3279271,2457,1002,4801,10,2.2285743357962,29.301297795028
40558,275,958,2458,729,162,27,3968709,1786,989,4384,7,4.1146487004102,25.63341494951
40580,275,957,2516,741,162,27,4500309,1973,997,3986,11,13.869821027685,27.507824440015
40661,275,965,2408,734,156,26,3702256,1565,987,3823,8,1.9035609229868,26.29207851931
40400,275,944,2711,718,157,27,3134264,2271,1001,5243,5,9.7067766531312,30.546801277906
40531,275,973,2491,719,154,25,3456374,1842,1002,4225,13,74.638328577199,26.202784370658
40464,274,956,2560,722,156,26,3535606,1959,1003,5222,10,3.1022416711872,31.550318632403
40213,274,953,2755,712,126,21,3915963,2380,1002,5872,6,7.0327060765439,29.215149220399
40062,274,970,3028,717,147,25,2562952,2879,1015,8254,2,7.2140439993892,30.866304415748
40264,274,960,2879,723,159,27,3823060,2739,1005,5940,5,12.369584727133,32.141927118542
40574,273,968,2549,723,156,26,3335839,2231,1007,4275,6,2.3317099116586,24.770642082022
40294,273,959,2666,697,148,25,3537746,2344,1009,6185,3,2.3852617037582,31.587679410024
40491,273,961,2674,723,144,24,3376351,1895,1005,4564,13,25.67392276509,32.603854367011
40389,273,965,2589,704,156,26,3221313,2008,1005,5125,10,8.6851467530702,28.23379334602
40371,272,955,2593,679,142,25,2925685,2480,999,5538,5,3.8373678701716,29.333364502103
40306,272,968,2815,721,151,25,3615343,2438,1003,6327,11,4.1964607996091,36.240531565571
40323,271,974,2656,708,153,26,2930662,1880,1012,5408,12,10.608798978827,31.541417982754
40321,271,963,2607,689,146,25,3306959,2202,1007,5861,5,2.1822510691135,29.181969056142
40383,271,968,2750,729,156,26,3135111,2508,1006,4929,4,23.399855077096,32.394019115339
40209,270,955,2790,699,162,27,2945801,1997,995,6363,10,3.783417037469,29.45965212754
40204,270,979,2995,708,142,24,2699102,2348,1014,7378,8,13.875947454831,39.437503692078
40490,269,956,2488,706,144,24,3915962,1776,992,4458,8,3.4432422654169,30.406179490196
40331,269,960,2570,692,144,26,2730705,2065,1002,5973,4,10.91662598741,29.86223824066
40396,269,962,2585,705,144,25,3254577,2272,1006,4708,4,5.5431750584443,26.683884152968
40217,269,954,2808,713,146,25,3052158,2497,1010,6476,11,4.6253742091877,29.511280274441
40342,269,971,2776,705,160,27,3477200,2024,1009,5362,5,6.7212092020883,29.131503551148
40762,269,963,2326,716,150,25,3058187,1692,991,3530,14,3.457925845775,25.348245748951
40394,269,971,2535,718,161,27,3283534,1909,1001,5413,6,1.2180107412806,30.206477180885
40251,269,959,2711,697,160,27,3229701,2285,1003,6582,7,10.619981329325,32.231190831366
40344,268,964,2587,693,138,24,3688046,2241,1000,5035,9,5.4755009322325,28.748052291774
40245,268,955,2985,708,150,25,3110272,2358,999,6583,14,6.7101319540649,27.923793940526
40220,268,948,2948,690,127,22,2997960,2686,999,6375,9,6.0900466903773,27.69111905909
40534,268,945,2433,698,150,25,3048218,2000,1009,4433,9,8.4442584167719,27.826589058597
40434,267,968,2618,705,138,23,2927841,1986,1013,5882,8,22.808646771713,37.1905749845
40214,267,964,2716,700,139,24,2770743,2407,1006,6374,6,3.5673146334134,27.714332489586
40348,267,963,2760,702,156,26,3307214,2442,998,5536,4,15.613197673922,28.14898960226
40309,266,973,2729,681,137,23,3062047,2242,1012,6801,7,2.7751027736325,30.02294086237
40369,266,964,2605,691,133,22,3377440,2167,1001,5780,5,4.2579684904907,31.012653751567
40346,266,965,2657,711,142,24,3722265,2377,998,5005,3,14.037717495611,28.518844353703
40075,266,967,3000,684,149,25,2843500,2542,1009,6954,4,3.6053571585926,29.905489488473
40297,265,963,2768,697,150,25,2840685,2120,1007,6306,9,1.9763629415207,28.443916280359
40172,265,955,2980,688,137,24,2869318,2415,1014,6608,2,4.1785081063495,30.797254514468
40555,264,975,2449,692,141,25,3693250,2364,1010,4075,15,5.8499415076012,28.441039382903
40147,264,953,2872,676,140,24,3432547,2684,994,6319,11,1.0666108360124,28.867438254419
40579,264,964,2332,691,144,24,3449294,1723,999,3996,7,2.1771568453179,24.932675192806
40356,264,967,2647,680,155,26,3149033,2146,996,6281,2,1.5948860832953,30.800682557918
40417,264,955,2574,702,131,23,3630994,2429,1004,5590,8,6.3223344478317,28.416918267853
40642,264,977,2346,697,150,25,3547206,1672,1001,3709,8,6.0747270449179,29.884543499742
40345,264,966,2679,697,123,21,3170670,2475,1002,5071,5,3.3472804119435,29.204117950169
40437,264,958,2588,692,151,25,3186751,1902,1000,5111,10,27.248483573791,35.991456265765
40205,263,954,2719,673,143,24,2694655,2269,998,6055,8,18.469063379313,32.476550462965
40533,263,942,2501,711,156,26,4084286,2281,992,3947,13,5.9793303984482,26.080545316513
40399,263,965,2568,695,145,24,4076952,2322,1013,5064,11,2.2365510182507,30.196265432974
40311,263,953,2738,693,156,26,3409395,2196,1003,6065,6,21.977315402217,34.418634347196
40186,262,953,2748,662,133,23,2802542,2253,1003,6376,1,3.6288823502565,31.521476547146
40196,262,959,2741,693,149,25,2516304,2102,1000,5779,2,14.19868323306,29.290281389978
40368,262,953,2776,694,151,25,3770108,2225,1004,6078,6,3.7331532621578,27.787127619038
40590,262,961,2399,675,127,21,3368375,1960,997,3912,6,17.699598766402,27.788373350251
40303,261,960,2453,647,149,25,3203300,2255,999,5778,12,3.6579926014576,28.787783402425
40199,261,971,2808,687,150,25,3276811,2540,1014,6073,6,2.826293053901,34.345851872281
40265,261,963,2783,690,145,25,3017781,2207,1003,6042,6,6.1346332842193,28.370489339665
40656,261,964,2336,694,156,26,3678538,1979,996,3876,8,8.6322574334889,25.022782419431
40307,260,966,2738,693,156,26,3060554,2306,1004,5905,8,1.771534281803,30.124405313051
40314,259,964,2625,664,144,24,2949549,2116,1005,5738,10,2.2367199829653,29.175486114245
40125,259,968,2810,680,140,25,3108584,2160,1014,6945,11,6.0571002790695,26.345121493645
40237,259,950,2712,659,123,22,2623490,2243,1006,7433,7,2.0385306235663,29.01335620336
40415,259,975,2486,687,149,25,3469873,2059,1007,5390,7,2.042376359009,27.523314155337
40203,259,963,2706,674,130,22,3527318,2282,1016,6527,8,19.30706034,33.375755888019
40160,259,956,2849,677,144,24,3064063,2483,1003,6243,9,8.6841002458665,32.506475461472
40159,258,959,2828,679,139,24,3485201,2468,1009,7768,4,15.496262445548,32.331745021039
40013,258,953,2929,675,131,23,2543555,2499,1008,7657,11,6.0301598286123,29.162987181552
40390,257,955,2818,684,150,25,3092968,2244,998,5697,4,4.6868173768968,30.394106441738
40432,257,948,2605,691,139,23,3094386,2243,1000,5424,8,7.0252418804176,29.791421708066
40333,257,965,2615,661,133,23,3421076,2170,1005,6133,4,5.9521801398263,27.966519278528
40453,256,964,2564,668,133,22,3876602,2130,1006,4841,11,4.0854208996903,28.997402494665
40166,256,961,2823,645,143,24,2327784,2410,1019,6311,6,1.6288659647386,31.657847816828
40241,256,953,2681,659,136,23,3680024,2318,1007,5196,9,17.831241514194,27.325455070305
40211,256,970,2722,674,136,24,2451141,2205,1012,6695,8,3.3077572267793,32.625575969983
40215,256,969,2771,658,132,22,3393434,2596,1011,6151,5,1.8779061381464,32.686832110942
40627,256,978,2385,679,150,25,3479062,1733,1003,4051,10,1.6049620499036,32.568169598806
40222,255,963,2750,650,138,23,2382757,2493,1004,6495,6,3.5673470294723,30.5796185551
40258,255,977,2803,656,144,24,2850343,2266,1006,7216,6,2.3991847344874,31.164111388472
40562,255,959,2348,675,138,24,3746771,1787,996,3959,5,2.5303147809966,26.359532261722
40228,255,971,2741,667,150,25,2541951,2474,1010,6592,8,10.791196988437,29.317646975655
40358,254,963,2651,670,144,24,3146538,2193,1008,5458,10,3.8909308476797,28.245158277916
40478,254,952,2509,665,140,24,3556742,1980,997,4617,8,1.2934003632144,26.180614529666
40488,254,957,2429,661,132,24,3006736,2176,999,5306,4,1.4961905871752,28.514258012078
40332,254,970,2820,671,136,24,3091010,2377,1009,6360,8,1.8744620796241,27.756510021772
40469,253,965,2522,666,140,24,2992994,2078,999,5330,6,1.7304644394229,37.416778745083
40518,252,962,2326,653,150,25,3733051,2148,1001,4278,9,16.642938435743,33.970896570659
40305,252,966,2643,648,140,24,2846130,2281,1000,6383,3,1.3545596317672,29.01725129494
40480,252,947,2520,663,144,24,3207912,2118,999,4344,13,14.536861796279,27.972034183435
40436,252,959,2411,652,138,23,3604644,2077,998,4795,7,11.7576500455,28.745144041528
40499,252,956,2396,657,150,25,3330165,1900,997,4639,10,3.9834933620447,28.835145611051
40585,251,972,2445,668,142,24,3425381,2039,1001,3828,19,5.9507303180685,30.957786930444
40431,251,974,2591,664,145,24,3125097,2286,1017,5797,3,12.804150090894,31.537264841507
40315,251,977,2624,651,150,25,2752940,2319,1014,6309,9,74.640262761342,31.519628108787
40275,251,948,2586,627,128,22,2711286,2416,1011,5345,4,21.972026406515,42.322348739687
40503,250,957,2483,660,147,25,3003809,2024,1000,5349,12,14.495457609215,28.816788993544
40364,249,954,2586,667,137,24,2800884,2040,996,5429,9,9.710364965792,26.847852022967
40545,249,956,2443,654,141,24,3442999,2191,1002,4601,14,28.411628715914,27.376030819595
40616,249,954,2350,666,144,24,4100539,2026,993,3935,14,13.875711438076,24.754820378842
40512,249,971,2336,655,139,23,4355555,2340,1010,4516,13,3.9497007064053,26.465550498516
40526,248,952,2363,654,136,23,2918966,1678,994,4468,8,58.916998769941,27.744830068161
40198,247,951,2596,633,133,22,2872340,2159,1004,5928,9,11.709585498084,30.355115033037
40349,247,960,2595,645,138,23,3199231,2103,1001,4935,5,23.134037817832,29.575957644613
40261,247,962,2545,646,133,22,2896521,1994,1010,6560,6,2.1167559803988,28.183912062062
40611,247,960,2350,664,144,24,3638597,1970,1002,4351,12,0.98614228157983,28.779997079352
40553,247,969,2303,664,136,22,3403365,1675,1006,4015,10,4.7350266445002,25.827030638394
40485,246,970,2385,664,137,22,3097227,1893,1010,5077,13,6.7823069384504,25.201179487832
40604,246,957,2270,656,138,23,3491081,1905,1000,3937,9,1.6000333990519,27.405474462627
40500,246,975,2667,652,138,24,3317912,2165,1011,4729,9,3.093350772776,28.46253753182
40336,246,944,2597,638,138,24,3844848,1948,1005,5174,11,13.485142099224,30.611035133638
40511,246,958,2383,640,138,23,3203379,1937,999,4829,8,13.282419219723,26.900878631471
40292,246,958,2715,650,125,22,3226971,2221,995,5710,4,7.7341035366399,29.117423225674
40419,245,945,2625,653,142,24,3328210,2240,999,4921,10,25.662503121454,33.640738670367
40591,244,954,2213,654,139,23,4293423,2231,992,3701,7,2.2746237050013,27.469739397939
40281,243,952,2578,618,139,23,3332123,2368,998,5585,6,2.0918146335902,28.97093277889
40475,242,961,2393,650,139,23,3203682,1963,1012,6217,5,13.286859505515,27.846014481737
40457,242,959,2366,647,140,24,2748124,1900,1000,4602,9,24.288725579098,26.616124557771
40565,242,948,2420,634,132,22,3147797,2084,992,4119,9,27.840210496327,27.881768981378
40691,241,957,2241,640,144,24,2942535,1553,993,3766,5,15.720744293464,25.212550904747
40610,241,954,2233,630,138,24,4044462,1935,995,3592,10,1.8888071524419,23.583512857984
40501,241,966,2445,648,139,23,3178436,2053,1000,4166,11,4.8946383298168,28.84400872275
40664,241,959,2244,644,138,23,3415379,1750,999,4111,5,1.9384847877523,28.787464567079
40505,240,955,2449,634,137,22,3072232,1998,1003,4597,9,6.2961168062048,27.797360622561
40602,240,934,2117,610,144,24,3342293,1749,993,4024,5,8.4185066747287,27.370200206297
40514,240,968,2351,639,144,24,3432015,1978,1002,4461,7,3.630028016988,28.556982788504
40435,239,955,2546,619,112,20,3179000,2152,996,5090,14,14.335003100943,27.545504081634
40583,239,953,2281,606,138,23,3254983,2034,1001,4328,12,13.275910908114,25.668039265566
40599,239,962,2379,636,142,24,3388141,1791,995,4054,10,29.512446255361,26.778680204018
40758,239,966,2061,639,138,23,3216982,1429,990,3098,10,28.066825427865,27.729819736957
40366,239,960,2646,630,127,22,2806074,1986,994,5417,14,3.4769149859514,31.420707399885
40393,239,952,2398,611,140,23,2854499,1979,1006,5857,16,3.4420887961211,28.652501473561
40538,239,949,2218,627,144,24,2706508,1609,996,3691,11,2.6240024081369,25.528964721007
40269,238,958,2599,613,130,21,2843690,2113,999,5242,7,6.0420557417868,26.940639955254
40397,238,953,2636,630,138,23,2708229,2139,1005,6045,9,4.7748607070437,28.517174442411
40381,238,947,2321,628,109,18,2602535,1840,997,4383,7,7.4246305633857,27.721264106832
40471,237,975,2337,608,132,22,3501649,1940,1011,5141,4,3.9946598679748,26.74174694504
40567,237,966,2381,619,126,23,3450046,1843,996,4111,16,2.9815632809881,24.790381260574
40242,237,968,2901,621,131,22,2534547,2075,1011,6195,7,3.4266909533782,31.454366115858
40544,237,958,2289,630,132,23,3536039,1521,1004,4349,7,6.3081207026884,26.119755613869
40099,236,963,2784,610,138,23,2366859,2059,1023,6724,6,74.692460380377,29.86092090172
40285,236,977,2685,614,131,23,2538578,2121,1015,6296,6,4.3740772795856,34.472635586311
40630,236,962,2178,628,129,22,3257209,1659,996,3846,1,1.2928513226312,25.641055823825
40376,236,973,2510,621,138,23,3224275,1823,1009,5081,9,12.868056816833,32.072538289429
40310,236,966,2512,597,137,23,3014702,2135,1001,4932,1,14.022148168194,27.40947943793
40528,235,962,2333,620,133,22,3812348,1836,1004,4932,8,18.54677688666,30.410015172258
40717,235,959,2122,633,138,23,3460073,1627,988,3245,6,5.7020600612693,25.461573234173
40312,235,963,2447,616,138,23,2932365,1884,1001,5204,7,19.593951128617,29.346893713386
40601,235,954,2279,614,121,20,2992890,1933,994,3810,2,27.84042127802,24.375017245775
40266,235,950,2632,603,132,22,2984189,2201,1007,6019,6,13.081876932597,29.138601423142
40313,235,963,2610,617,119,19,3517169,2372,1002,4963,11,23.129854906727,28.880893072894
40272,235,965,2679,606,126,21,2310934,2233,1003,5814,3,3.0479367293982,29.631305195732
40424,234,978,2560,623,138,23,3575576,2036,1006,4922,6,5.0592996740922,32.474942631352
40563,234,972,2229,611,120,21,3463980,1747,1008,4378,9,27.456204061471,31.893204197871
40373,234,967,2487,622,116,20,3125826,2001,1007,5523,5,11.016371631038,27.728055975348
40317,234,957,2698,607,132,22,2955857,1866,996,6065,5,1.8652857112428,31.661301386828
40726,233,959,2067,600,133,22,3354841,1518,982,3237,9,4.9248291122425,28.322339717625
40268,233,957,2537,594,130,21,2487817,1938,1008,5674,4,10.895564232587,28.982966872069
40233,232,967,2543,606,133,22,2478419,2307,1006,5821,2,6.0427806554148,28.6494830662
40230,232,964,2708,609,138,23,2777504,2083,1008,5794,6,19.714510472162,29.151824302953
40454,232,953,2370,613,134,23,2789588,2030,993,4403,9,14.020173590816,26.862972549933
40319,231,971,2568,615,133,23,2967032,1973,1005,5726,7,6.599934890409,31.647079290278
40279,230,952,2808,596,122,22,2608870,2131,1006,5416,7,74.658732288963,26.398297340382
40646,230,960,2101,595,138,23,3318548,1670,1003,4007,8,2.824045385372,26.028896020878
40694,230,968,2112,598,135,22,3604729,1856,1000,3779,11,12.684703752612,26.416856015343
40363,230,961,2519,598,119,22,2843925,2125,1004,5222,5,13.271569615721,30.684014132129
40465,229,965,2457,606,132,23,2942985,1930,1002,5668,10,2.9938746013598,30.370010321428
40200,229,953,2672,602,125,22,2307578,2000,1003,5944,1,2.4982618393112,27.65741619517
40600,229,956,2049,606,121,22,3250941,1472,1000,3593,9,18.561741239703,24.325979018735
40654,229,963,2192,616,123,19,3477429,1887,1000,3531,12,2.0839318132669,26.224572723533
40385,229,954,2398,602,116,21,2895521,2070,993,4922,7,23.135504445695,28.598322967787
40473,228,974,2530,593,126,21,2531538,1937,1006,6185,3,27.253208037191,31.431509789425
40367,228,953,2543,592,112,19,3030758,2074,1003,5274,13,13.297210247413,36.418121518087
40570,228,959,2289,605,132,22,3376677,1931,1001,4072,16,3.5648165588989,30.072715614067
40486,228,956,2331,599,126,22,3462728,1976,1066,4281,8,4.1282533421318,26.989498715345
40304,227,972,2598,598,126,22,2749427,2169,1013,5133,8,3.9753972932694,31.782981619954
40635,226,959,2107,598,129,22,2826487,1825,1000,3986,5,31.529296176712,25.706881630728
40448,225,963,2260,590,128,21,2611452,1857,1006,4730,6,12.878962046663,28.16500801011
40569,225,954,2237,587,130,21,3093930,1836,1009,3969,9,2.1561579874758,25.317920241218
40614,225,952,2319,590,126,21,3317667,2230,994,3875,11,24.873305500857,28.764301276129
40298,225,958,2651,585,115,20,2446923,1903,1000,5770,4,4.1875745026533,26.950315400894
40360,224,973,2593,589,127,21,2608056,1896,1012,5522,5,5.9596900680892,27.436179825629
40238,224,963,2655,598,132,22,2759750,2158,1006,5506,3,6.379999242662,27.403625868445
40239,224,943,2529,590,121,21,2496947,1911,991,5938,8,19.310154259507,28.77760249059
40421,224,966,2243,584,116,19,2962103,1925,1000,4367,5,24.279350363158,28.341903058581
40506,223,957,2443,597,121,21,2814728,1814,997,4434,7,22.883844792883,30.092791887126
40440,223,969,2428,593,121,21,2792421,1893,1006,4777,5,4.9985716381904,27.455794328309
40430,223,972,2442,593,123,21,2653387,1960,1019,5000,13,4.9120523860104,30.813907433185
40395,223,956,2528,586,126,21,2604405,1913,1011,5045,9,3.4659938871073,28.990397549774
40653,222,963,2242,592,126,21,3235538,1972,994,3957,12,34.892824252126,25.506229945678
40382,222,965,2431,582,130,22,2806975,1745,1003,4727,7,58.893243701997,27.917740902378
40698,222,970,2040,598,126,21,3172255,1806,1002,3144,10,20.891506555931,31.821561293972
40620,222,985,2219,596,117,20,3024873,1806,1009,4359,11,9.8399071641221,26.040603872458
40509,222,957,2303,594,132,22,3404193,1700,996,4624,8,27.250017122937,29.617982681232
40452,221,945,2224,576,114,19,2737404,1597,990,4274,7,6.198055976488,27.42512244492
40510,221,932,2205,560,132,22,3148284,1717,991,4919,2,4.2533645782467,28.358997891017
40479,221,965,2370,587,120,20,3447965,2032,1015,4723,6,1.5042191659838,28.073672538036
40411,221,949,2453,587,126,20,2880664,1810,1007,5325,10,20.639328718521,30.807332846389
40418,220,959,2360,571,132,22,2602417,2018,989,4406,7,14.024790764732,28.800624328231
40535,220,967,2365,590,132,22,3383956,1993,997,3984,11,7.5958409536629,27.362416121812
40337,219,954,2422,576,129,22,2610501,1899,1003,5547,7,11.016097465823,40.117320825768
40375,219,955,2522,570,126,21,3088139,1802,1001,5410,18,20.635082114122,29.356187200358
40593,219,944,2268,588,126,21,3190842,1749,986,4216,4,6.5300859327325,24.98269040243
40339,219,965,2513,559,119,19,2475743,1802,1005,5139,7,2.2419014144695,29.658544254384
40730,218,946,1941,564,121,20,3119749,1348,983,3246,7,1.5638417163615,24.691067633622
40484,218,968,2193,565,114,19,3096397,1871,1004,3698,7,14.921241085588,27.056713912715
40743,218,968,1907,582,121,20,2854465,1301,997,2308,8,33.704875518579,25.48587908369
40568,217,965,2305,571,123,21,2983760,1914,1001,3882,5,5.2859400987651,23.218956378379
40353,217,964,2411,569,120,20,2665258,1848,998,5534,7,6.6978768773023,28.133144058221
40527,215,950,2192,567,120,20,2833505,1849,993,4164,11,27.426739158102,28.630505853664
40476,214,960,2351,553,120,20,2686372,1871,996,4638,9,3.2296861586556,30.627300890848
40414,214,956,2464,562,117,20,2776545,1830,1002,4799,7,3.0248980019484,26.845396053163
40481,214,952,2292,556,119,19,3196090,2019,997,3784,7,18.412779857596,25.768254333221
40427,214,955,2336,559,123,21,2570806,1742,1002,4886,6,2.2508226586708,30.28720729804
40603,214,968,2056,565,113,19,2896732,1559,1007,3385,9,74.626107045115,29.957411072303
40715,214,981,1901,569,114,19,2600881,1339,1003,3069,7,9.5641634572567,26.003888120422
40655,214,965,2071,557,120,20,3008241,1682,994,3745,5,13.259806838801,25.744944178263
40751,213,967,1871,565,126,21,3077635,1320,990,3036,12,9.5604147870135,24.902583281922
40679,212,966,2013,561,126,21,2605969,1557,996,3635,11,2.1540815546813,27.278749374954
40496,211,963,2193,547,127,21,2905166,1883,998,4209,3,6.9353201619253,28.927741709904
40412,211,961,2390,556,117,19,3063975,1768,997,4455,3,12.882580123158,27.957912118033
40634,211,946,2084,557,120,20,3427999,1680,990,3166,9,7.3566512150661,26.495768077539
40658,211,964,2064,564,114,19,2928325,1513,999,4034,8,2.0577423875153,25.588717534503
40586,210,938,2139,560,114,19,3755864,1766,997,3507,8,5.1768598605529,27.659302818177
40595,210,965,2119,551,126,21,2966519,1850,1002,3716,2,3.9661658389503,25.630403883758
40441,209,948,2426,531,114,19,2483982,1981,1003,5165,4,1.9595408229831,24.551024582536
40378,209,955,2464,556,114,20,2476521,1942,1002,4636,11,1.9247447597169,26.988092233175
40566,207,953,2297,543,114,19,2422969,1880,996,3839,9,5.9400687208805,26.079886899822
40681,207,958,2048,538,114,19,3014956,1525,997,3440,6,1.4966901099155,26.248898666018
40609,207,960,2193,552,111,19,2919826,2057,997,3901,6,1.0659246056323,26.016469774368
40690,206,953,2258,548,108,18,2828863,1738,990,3367,6,2.3782655495888,28.60367962758
40706,204,970,1950,541,120,20,4741697,1276,998,2952,12,2.1926396445509,24.846040222281
40330,204,956,2485,527,108,18,2813590,2092,998,4891,7,1.5081187273753,27.79711579541
40674,203,952,2022,544,120,20,2655035,1558,993,3546,6,7.8941521108214,26.33437111998
40406,203,953,2369,534,100,17,2769677,1900,990,5007,4,21.662088041281,25.81974108693
40623,203,954,2014,536,109,18,2917028,1819,989,3590,7,8.5951023747715,23.561061913518
40515,203,970,2257,542,110,18,2731022,1638,999,4357,7,8.6155898973457,26.597886088895
40798,203,964,1783,536,120,20,2668911,1345,984,2570,7,4.3843145898066,25.409717982891
40423,202,956,2293,540,114,19,2787128,1567,997,4595,14,74.64460959036,27.234914378758
40637,202,947,2002,539,103,18,2792219,1659,984,3815,5,27.837150181986,26.566576414761
40731,202,961,1849,540,114,20,3347139,1255,990,2919,9,10.00310925041,24.516324492096
40517,202,945,2227,535,120,20,3044574,1872,992,4482,4,4.7396806727171,24.18296148973
40559,202,957,2019,527,105,19,2554673,1470,1004,3742,2,6.0404909437538,27.431063603749
40370,202,974,2535,526,112,18,2661887,1824,1004,4544,1,2.5044207627604,26.796296456492
40532,202,937,2150,531,114,20,2877576,1596,990,3551,7,2.7276797444369,29.471842401407
40571,201,944,2069,536,114,19,2353328,1629,996,4106,5,7.5993891602567,29.169505712219
40619,201,954,2214,530,115,19,2900885,1656,999,3362,4,13.281182826241,23.774776813517
40757,200,954,1752,521,108,19,2684403,1181,991,2950,16,2.9354383379157,23.491167975886
40482,199,966,2239,526,109,19,3352835,1997,1006,4132,22,16.646423245621,27.691045125006
40551,199,949,2084,532,118,20,2860595,1531,999,4479,6,3.6545042905754,26.792554403533
40581,199,951,2024,517,110,19,3540122,1543,990,3900,12,30.44446101672,26.366678075099
40716,199,970,1778,520,114,19,2687528,1287,996,3269,10,5.8666790240888,24.302483541476
40420,198,955,2378,523,114,19,2522940,1817,997,4591,13,15.587688907262,32.190180341123
40631,198,955,1980,519,102,17,2703778,1639,989,3334,11,5.503029516516,23.158415445731
40474,198,966,2197,510,99,16,2700748,1747,996,3887,11,4.3157618893726,28.01624647558
40283,197,958,2488,513,104,18,2500545,1828,1003,4968,12,3.6790318245804,27.757473078415
40508,197,948,2338,524,104,18,2391531,1716,996,4424,11,11.737453257758,28.726721363677
40625,197,967,1990,520,108,18,2881500,1405,993,3527,17,12.72819142623,23.455357669717
40442,197,949,2265,519,109,18,2711733,1717,996,4413,5,9.1886816950251,24.243457105556
40445,196,953,2203,513,97,16,2556764,1800,991,4296,5,11.006849548856,26.524048233313
40651,195,951,2019,518,114,19,2726233,1519,985,4208,6,16.19164608554,23.672613278939
40409,195,957,2453,496,114,19,2347772,1610,1003,4786,3,11.012215227425,28.734632039981
40622,195,957,2039,523,110,19,3161525,1420,994,3544,5,6.3782828005015,24.103397164391
40588,195,950,2041,514,104,17,2888717,1638,996,3691,4,3.9622458224733,26.50523782322
40710,194,952,2116,519,113,18,3105898,1383,979,2725,6,4.1030610197625,22.638829236084
40607,193,956,2121,510,109,18,2689909,1735,1002,3857,6,4.5534737198882,26.473794076507
40573,193,968,2114,508,108,18,2645679,1740,1001,4224,9,4.3155515864407,30.159792632838
40692,192,954,1820,518,114,19,2997085,1332,988,3170,6,3.1329211202246,27.283646365152
40772,192,957,1725,510,107,18,2571958,1324,981,2509,8,4.0744390787715,23.893301955453
40640,192,952,1972,492,96,16,2857159,1441,993,3583,10,6.9153675902806,21.774393964729
40723,189,961,1805,501,108,18,2620250,1462,984,3185,11,2.1139055135665,26.679282433595
40626,189,949,1982,496,93,17,3001573,1709,993,3326,4,18.795330770076,26.57817296264
40483,189,964,2242,507,112,19,2793422,1578,994,4105,11,20.631350231783,26.873708350352
40624,189,959,2013,503,103,18,2900810,1581,992,3815,8,14.504132554649,32.907491325636
40495,189,962,2141,496,96,16,2474468,1656,1006,3957,6,74.641342024891,25.449453696499
40657,188,961,2017,503,97,16,2689274,1620,996,3637,8,2.3232341236803,25.22935278861
40636,188,958,1930,492,108,18,3316618,1448,987,3248,8,18.572492897862,23.486906008017
40808,188,970,1641,493,108,18,2793024,1183,994,2360,16,16.883817492938,27.79678581434
40572,187,962,2134,497,102,17,2315629,1753,994,3888,2,1.7644189688267,25.030981511622
40647,187,960,1943,489,103,17,2726153,1401,991,3364,10,14.481488515091,26.162479218422
40673,186,953,1776,475,108,18,2683312,1547,978,3156,9,27.840494683113,22.730265586112
40666,186,931,1852,498,108,18,2829380,1311,956,3231,9,4.1673524262188,24.701530156379
40594,186,971,2015,500,108,18,2837056,1391,1002,3723,6,4.1236695250582,25.755379741531
40541,185,955,2058,478,91,15,2464175,1688,1004,4438,7,4.2290106615119,26.408133236902
40693,185,964,1774,459,102,17,2753208,1333,1000,3379,5,1.0158212406611,26.048980540659
40677,185,945,1863,497,108,18,2605409,1330,984,3449,7,4.4511867986171,23.465009589809
40685,185,949,1817,487,103,17,3013558,1465,985,2974,9,3.0981516449137,23.821559618067
40461,185,955,2320,494,102,17,2338878,1624,991,4582,6,2.2578585274393,26.507879321434
40719,184,978,1731,485,97,17,3103485,1326,995,2410,4,16.806833714689,24.870659491257
40523,184,956,2010,480,108,18,2315076,1328,992,3968,13,3.4981400318056,29.039675024365
40587,184,953,1935,480,100,17,2469819,1609,993,3926,1,3.2979198092005,24.723962597162
40455,184,957,2196,469,96,16,2102427,1695,1000,3990,2,25.673628555308,32.045563298554
40502,184,953,2299,493,108,18,2343871,1822,1005,4473,11,2.532154112188,28.989979944669
40783,183,970,1654,489,108,18,2092726,1093,997,3233,12,122.60800326314,25.966925044925
40714,183,957,1769,480,106,17,3290422,1415,993,2826,5,16.244508219982,26.395102916947
40638,183,942,1959,481,103,17,2669708,1344,984,3298,5,5.8185283086939,32.888832648671
40703,183,953,1732,488,108,18,2608986,1335,996,3189,8,2.4689558218274,27.192991882268
40536,182,954,2092,459,93,15,2578820,1519,996,4322,6,2.0158684574426,26.763984439764
40699,181,976,1797,483,97,16,3099336,1479,1000,2554,5,22.578110724298,23.228715871129
40747,181,959,1660,479,96,16,2305286,1184,992,2828,4,74.612064532167,21.712150634079
40617,181,941,1991,469,108,18,2440558,1388,994,3808,6,30.449596431198,25.642127693807
40641,181,946,1890,474,98,17,2805557,1419,991,3376,8,8.6240856879118,23.316209061527
40584,180,960,1955,465,105,17,2397572,1469,991,4302,5,0.98129695509376,25.262490503696
40408,180,961,2352,462,103,17,2147979,1573,998,4649,5,5.1820782364748,27.804977438669
40589,179,952,1915,450,104,18,2386919,1482,995,4387,6,12.722915956861,23.544237020644
40643,179,958,1980,477,106,18,2674850,1612,991,3563,6,9.5687240052798,25.574764725005
40684,178,950,1931,476,102,17,2883538,1500,980,3389,11,1.4945651819432,24.615159419587
40648,177,961,1950,472,102,17,3057024,1358,995,3379,8,9.0580767223513,24.958203670943
40672,177,873,1750,476,98,16,3031435,1326,994,2828,3,18.536419376371,20.449002605072
40686,177,962,1828,469,96,16,2516617,1340,992,3068,9,26.963302434106,26.697132339914
40721,176,963,1780,471,102,17,2833729,1264,983,3432,9,2.3870683386417,24.373611379424
40732,176,951,1700,474,91,17,2655454,1200,976,2866,4,3.9011545005472,22.881955828162
40522,176,940,2240,473,97,17,2547643,1434,985,4414,7,2.003643368393,26.601787209553
40561,175,953,1892,440,96,16,2503164,1461,993,4235,8,4.8682831849582,27.021947936287
40494,174,946,2138,468,102,17,2441264,1192,993,4304,10,5.6319037564858,26.873780159161
40633,174,950,1942,451,91,16,2533341,1548,987,3467,9,6.3583478440215,25.309589393827
40701,174,970,1783,467,102,17,2556570,1241,995,3114,10,4.5692255229895,24.325024526527
40659,174,954,1748,462,87,15,2557446,1452,986,3226,5,9.9999787536585,25.590302146405
40917,173,995,1342,449,92,16,2098721,950,1001,2148,78,1.4926292932871,23.438675670004
40682,173,948,1938,463,102,17,2428572,1377,979,3648,11,5.2035607135226,23.253267762752
40618,172,889,1924,460,96,17,2371460,1565,996,3712,3,2.5476961778702,24.650037109687
40763,172,971,1647,453,95,16,2839927,1134,988,2612,13,15.666050832949,25.741432514183
40711,172,951,1704,458,91,16,2384087,1156,987,3091,2,74.61551251536,23.789984725703
40662,172,956,1709,460,96,16,2784906,1193,995,3302,2,18.803930624043,24.525784737087
40695,170,952,1710,446,95,17,2502857,1168,986,3071,3,1.0024953744125,22.303912612082
40737,170,963,1749,459,89,15,2494163,1098,988,2994,7,3.063452563942,24.136370987541
40741,169,971,1580,443,96,16,2523052,1038,992,3377,12,11.771677015018,24.146579742816
40678,169,946,1809,448,100,17,2363623,1329,994,3276,2,14.108720938291,32.150893640235
40667,169,958,1821,456,98,17,2396613,1263,995,3204,12,2.1811500201187,26.217695201494
40744,168,958,1686,448,90,15,2591015,1173,986,2333,11,18.552937621277,22.652978734821
40708,167,956,1774,438,96,16,2349605,1385,977,3633,6,18.558901429359,25.317621451881
40676,167,966,1727,437,84,14,2492091,1317,1004,2723,5,2.53102684219,23.028775488748
40746,165,947,1643,437,77,14,2998679,1276,986,2687,7,7.8879545618432,24.170717241367
40671,165,967,1709,436,96,16,2717679,1450,987,3230,7,31.568733848355,27.054902212781
40725,164,962,1621,437,85,14,2900761,1217,987,2807,7,34.877762334989,23.54592314018
40753,164,957,1578,430,96,16,2447241,1226,982,2692,5,3.3524825125115,24.170576794396
40712,164,946,1735,433,91,15,3170509,1385,979,2974,4,7.5957201549278,23.445097413903
40756,163,961,1583,434,96,16,2928719,1275,992,2879,9,7.002146328594,24.324629741577
40669,163,952,1763,434,84,14,2580206,1274,976,3298,6,11.777597194962,23.59370592399
40742,162,955,1543,435,90,15,2688854,1027,999,2588,4,3.2835818536234,22.77169833976
40782,162,974,1433,425,92,15,2363814,1066,996,2719,5,1.1849800317171,24.972933252109
40750,162,967,1599,432,93,15,2743202,1242,996,2866,8,2.4618562929265,24.47624579892
40688,162,959,1744,432,96,16,2824002,1314,983,2847,2,1.9305322579693,24.020512521522
40644,161,970,1808,419,86,14,1913694,1331,995,3433,3,3.9224200481037,23.198962647507
40680,160,944,1638,409,96,16,2368869,1245,981,3047,6,1.1771211654716,23.565448728724
40773,160,955,1545,428,90,16,2635426,1029,980,2705,10,9.6713179849976,24.404598463509
40697,159,951,1651,423,86,15,2678518,1157,976,2520,12,9.8863675660315,25.306629979871
40621,159,964,1867,413,88,15,2304582,1301,1000,3702,7,2.4596450169089,23.761466629007
40776,159,961,1574,427,85,14,2227826,1024,986,2481,8,3.6185025859301,22.551887748867
40632,158,965,1854,414,80,14,2268437,1282,993,3214,8,3.2247925496004,25.476592391999
40822,158,972,1394,414,83,14,2475164,1136,997,2158,9,1.7818817663833,24.345392856771
40613,157,957,1835,413,84,14,2007330,1127,996,3173,7,2.1457096573406,25.176196894651
40761,155,960,1490,399,87,14,2339814,1084,978,2328,13,34.871992511099,23.540821332892
40718,155,956,1616,393,78,13,2269488,1092,990,2955,4,4.3167602438636,21.80049864827
40794,155,971,1450,412,90,15,2101009,955,990,2400,11,29.140477399677,23.043774315726
40704,154,948,1576,405,78,14,2447298,1152,974,3215,8,3.3703789870212,23.776660565179
40796,154,972,1429,409,84,14,2416629,883,989,2350,17,17.949704517001,23.900451152873
40649,154,958,1790,396,73,12,1984081,1231,990,2978,8,2.0871236808411,22.669792178539
40791,153,976,1441,399,90,15,2167488,1052,996,2683,10,18.707014639854,23.70837956495
40687,153,934,1714,402,88,14,2355818,1226,969,2944,5,2.4391329261333,24.517815121255
40696,153,970,1700,406,85,15,2068695,1097,996,3789,7,16.55845833474,25.29871325294
40709,152,952,1601,397,85,14,2348449,1160,988,2786,3,27.817351148032,25.238200411352
40760,152,955,1433,385,80,13,2481628,1145,986,2788,6,15.830469523315,24.720296872509
40771,151,970,1499,399,90,15,1955632,985,986,2853,7,24.874840356233,22.786040453886
40670,151,956,1676,405,90,15,2571360,1190,986,2925,13,3.4138939373084,26.119968975575
40865,150,972,1288,394,90,15,2247069,876,987,2398,27,2.1198462294393,23.789318478508
40770,149,967,1370,394,84,14,2239456,983,987,2287,13,20.898933997337,23.158908818549
40735,149,952,1449,394,89,15,2176989,978,985,2433,3,24.869397450505,24.365296175639
40797,149,970,1345,388,84,14,2227304,906,993,2338,12,34.862934783783,25.742633533224
40724,148,965,1634,398,74,12,2237501,1298,992,2851,5,5.3058756733392,24.028885152797
40707,147,953,1569,390,74,12,2733332,1210,982,2701,13,33.690522621098,37.900469453157
40759,147,951,1475,394,84,14,2475877,915,981,2766,6,3.9950071419803,22.563630887057
40800,146,973,1366,381,67,11,2087446,923,986,2505,6,9.9854807072687,21.903262301878
40728,146,966,1650,389,84,14,2139584,1093,987,3274,3,2.7282284095951,22.674613556177
40765,146,959,1503,376,79,13,2098974,1040,987,2515,11,3.1386332780691,22.520448094601
40795,146,966,1431,378,84,14,2180486,934,992,3001,8,16.169508104687,23.659085217106
40733,146,961,1444,394,78,13,2011953,1030,986,2387,6,12.703019521921,22.294789489715
40832,144,953,1285,366,67,11,2363324,925,975,2167,13,17.950235747646,23.507908261254
40840,143,973,1050,274,56,10,1818323,1146,995,2083,17,16.543049454242,22.826845105801
40663,142,973,1652,375,84,14,2027221,1031,989,2448,3,5.913896460617,25.142440110344
40766,142,950,1424,376,84,14,2114880,829,974,2804,4,2.9985752554129,24.580943299789
40702,141,966,1511,368,81,13,2043559,1021,992,2690,6,4.1679001612579,23.583028085136
40790,141,965,1351,377,79,13,2037655,770,984,2682,13,1.3437451597742,22.610358876345
40780,141,967,1333,375,75,12,2301360,947,981,2178,13,18.550375217923,23.109509275301
40799,139,957,1384,356,76,14,2229445,1070,980,2302,13,15.69064103072,24.230195306607
40824,139,962,1236,373,82,14,2189578,788,986,2185,11,2.9277198711092,22.372011810987
40831,139,954,1281,372,81,14,1960742,931,968,2238,17,3.3374880324712,24.914222207767
40713,138,950,1582,361,78,13,2041071,877,983,2848,3,10.545888731948,22.116159906203
40755,138,962,1394,372,75,13,2022861,831,986,2554,9,16.803482429218,22.8396221888
40816,138,968,1308,368,76,13,2056768,841,986,1972,14,19.860458175832,22.239397635738
40779,138,969,1324,364,78,13,2468077,920,989,2395,14,36.811274473572,27.255636123152
40812,137,972,1325,360,77,13,1937947,888,993,2468,4,5.4090383853477,22.251526268464
40825,137,963,1275,367,78,13,2122694,870,987,2532,16,4.3628727722699,23.042200628702
40727,137,969,1570,364,78,13,1894972,1026,996,3213,7,15.697376633548,24.80679598529
40789,136,958,1410,356,72,12,1860971,976,986,2513,6,3.3098639946302,21.803187949745
40849,136,970,1173,352,62,10,1931948,875,986,2352,18,1.7916775154534,25.0565634619
40745,135,952,1450,358,78,13,2298698,914,988,2658,10,27.821046460648,24.700977720464
40764,135,969,1375,364,75,13,2141533,738,994,2574,11,2.5547414664093,25.551519159676
40767,134,948,1297,341,69,11,2115612,947,975,2560,11,12.759847271227,28.695378167231
40774,134,971,1342,357,78,13,2120627,926,989,2673,7,3.391998397411,27.304993803059
40815,133,961,1279,353,78,13,1939717,897,980,2403,10,38.888358394127,25.304280306365
40863,133,977,1153,348,78,13,2047544,828,994,2115,18,1.9627557454036,21.319921830064
40775,131,965,1307,341,72,12,1948400,875,989,2534,10,1.2919039345523,24.30201215494
40738,130,954,1500,345,78,13,2060294,746,976,2285,6,1.5149239791877,21.85376960711
40740,130,937,1515,343,72,12,2311288,1109,961,2565,7,7.2660025349084,22.107760512745
40810,130,958,1215,335,78,13,1999349,809,983,2316,14,1.497814481772,29.378029422859
40818,129,965,1307,348,67,12,2130275,818,984,2427,12,4.9817725258698,22.211883173513
40734,129,961,1430,335,70,11,1793891,882,987,2473,8,20.905813114035,24.395914619622
40785,129,967,1320,349,75,13,2054625,761,984,2349,9,3.77634098427,22.923722326551
40787,129,960,1290,336,56,11,2227229,923,978,1833,18,5.9651466983213,23.208472056304
40803,128,963,1249,330,61,10,2035521,871,980,2046,19,6.2433151427947,22.855368526304
40827,127,981,1188,331,72,12,1876281,835,992,2208,12,2.5477331190927,21.871334759066
40839,127,976,1178,336,69,12,1922510,813,990,1926,18,12.759188979556,21.323073942852
40853,126,968,1113,322,60,10,1916892,794,981,2110,18,27.807779005978,22.265617537886
40802,126,963,1373,322,72,12,1882250,853,978,2488,6,3.4267697654179,24.150636263814
40769,125,978,1392,338,72,12,1939757,917,992,2301,13,6.2076561573035,23.83820197528
40788,125,965,1195,324,72,12,2047620,836,974,2493,11,6.4421228858305,22.243431478381
40793,124,958,1360,331,66,11,1917176,849,973,2628,4,2.2686384723745,21.773533249479
40739,124,961,1354,327,72,12,2008899,788,977,2516,7,1.9707435882855,23.111065419864
40817,123,970,1182,318,66,11,1723119,770,990,2152,13,27.813819743977,21.609733892682
40835,123,968,1239,329,72,12,2126921,850,987,2056,11,15.687530590181,22.827312038955
40864,123,966,1179,324,62,11,1737229,804,980,2099,19,11.034855553107,21.854454891257
40836,123,965,1137,324,67,11,1754280,704,981,1949,7,1.102273299509,22.244515306164
40843,123,967,1140,330,72,12,1820162,794,991,2154,20,26.966119827453,34.577535151831
40890,122,977,1072,322,72,12,1989193,734,984,2183,20,3.285387838989,25.561258796882
40871,122,972,1080,311,56,9,1764628,765,981,1982,23,15.68414274233,27.150185850267
40778,122,965,1293,331,72,12,2020167,812,978,2886,10,2.3915908443866,21.991492937541
40820,121,971,1177,311,66,11,1774436,838,986,2318,15,2.2790726350937,23.521129853999
40855,120,969,1126,316,72,12,2287658,796,981,2020,27,74.59812519929,23.132539292107
40804,120,960,1159,310,50,9,1961383,804,970,2004,6,5.1958500947728,21.358591845943
40819,120,969,1140,304,66,11,1994731,873,977,2010,18,74.600801690348,23.203760957949
40870,120,964,1081,313,67,11,2036708,751,977,2206,21,4.3175227198485,22.174908490822
40874,120,973,1105,317,72,12,1771972,725,983,2328,18,13.936324979213,23.038441161627
40862,120,979,1153,318,66,11,1812836,739,987,1870,20,2.2858820160027,23.420605587697
40786,119,953,1242,310,70,12,1785146,784,971,2098,9,7.9160868049687,21.61829926856
40809,119,960,1178,318,66,12,1657204,789,972,2332,11,1.2592153594735,22.70968790359
40898,119,975,1031,311,60,12,2002326,748,987,1890,34,5.2096863702689,23.072489399649
40813,119,977,1213,312,61,10,2051334,786,987,2806,18,1.9031202892688,23.680526975422
40834,119,961,1170,303,70,12,1638628,823,980,2275,10,4.3118767420695,21.718939183886
40900,118,976,1079,311,61,10,1921207,642,982,1791,25,5.4776665655683,21.719843403592
40838,118,967,1146,316,66,11,1897351,721,983,2346,10,20.768888418385,22.309119723789
40859,118,973,1137,316,48,9,1979573,792,982,2038,10,1.9926788369919,20.773944509352
40801,118,976,1288,308,54,9,1872103,716,993,2120,9,7.2280633793998,21.124147105391
40906,118,986,1066,312,60,10,1701985,739,995,2292,20,4.5783526249995,23.485291232646
40880,118,979,1046,307,64,11,1811562,711,988,2106,24,16.883289801507,24.310095936398
40768,117,951,1385,310,60,10,1600464,719,978,2528,2,16.557646751431,22.722580676676
40823,117,971,1247,311,61,11,1581125,721,980,2279,7,4.6081360298779,21.663909366309
40792,115,956,1345,311,62,11,1697503,815,975,2384,4,9.0327548375129,21.302840793999
40826,115,967,1161,290,63,11,1616998,766,980,2220,3,0.87581001731982,23.179757818194
40866,114,971,1043,298,60,10,1702406,649,974,1993,15,29.142565455658,24.643561267627
40833,114,961,1125,295,13,2,1973358,630,971,1757,10,38.398035895818,25.770862393658
40828,114,973,1242,302,66,11,2021083,710,985,2323,11,3.8728100488618,23.661319880201
40805,114,981,1205,304,60,10,1802307,646,993,2360,10,12.688983736944,22.677650598952
40879,113,975,1014,306,61,10,1899583,693,980,1917,28,28.910477694085,23.553127851564
40752,113,969,1321,294,51,9,1778888,838,977,2431,3,9.0006810633364,23.338105104463
40807,113,964,1106,289,58,10,1769073,679,973,1977,12,26.963426822858,23.438281449923
40869,113,976,1096,301,66,11,2044268,718,985,1969,19,38.398981319138,22.248781119765
40852,112,978,1133,296,59,11,2144838,840,986,1936,15,19.859532797999,20.889903428454
40841,112,968,1075,293,61,11,1732013,643,982,1982,13,1.7898876030252,24.938677267476
40748,111,958,1382,293,65,11,1749826,833,967,1922,6,9.1749696497498,23.216622751164
40851,111,980,1044,294,66,11,1748450,732,987,2338,16,38.907011235385,23.300372962254
40837,111,971,1103,287,66,11,1620078,645,980,1990,12,7.6240557490792,22.075168860332
40877,111,967,989,294,56,10,1718803,739,978,1735,23,7.8142050593564,21.258382775735
40781,110,968,1177,289,60,10,1671286,671,973,2357,4,27.817678670355,21.987190251143
40784,110,968,1170,295,66,11,2074892,825,974,2268,8,4.7309076785645,21.771329826115
40904,109,984,996,286,48,8,1804686,665,988,1583,33,5.2951240013828,22.320754579654
40830,109,962,1093,284,60,10,1512509,699,967,2130,12,2.0314974639662,22.848032407072
40889,109,979,943,284,62,11,1545910,635,986,2143,29,27.804698645266,22.545318063973
40907,109,969,970,293,61,11,1706382,583,979,2074,37,15.681466542992,23.212585985422
40858,108,971,1118,288,58,10,1671030,750,980,2020,16,6.1031062760643,21.450163541164
40861,108,969,1054,284,43,8,1533038,718,975,1671,21,2.8753698453993,21.743035249052
40888,108,983,1020,295,60,10,1888838,677,988,2033,27,19.867213817256,22.610774548334
40910,108,972,971,284,60,10,1864182,583,978,1850,31,12.978547094186,23.086365077939
40912,107,984,938,286,51,8,1298253,583,992,2271,33,2.1950309778593,22.945396113332
40873,107,978,991,276,55,9,1736300,730,981,1824,22,3.9456291853641,22.046262044088
40876,107,970,999,287,47,8,1479011,674,978,2293,14,6.7085555973105,24.466925557615
40875,107,985,915,271,60,10,1711257,565,988,2015,27,8.9189883621129,22.991483963673
40887,106,977,957,284,60,10,1887362,602,978,1714,36,42.578121694562,22.739181952282
40943,106,985,898,280,54,9,1555623,672,989,1481,38,15.694596959219,23.62310576607
40847,106,970,962,262,56,9,1482958,728,983,1917,19,2.8488453178507,22.666070928028
40897,105,974,944,275,60,10,1691137,579,977,2158,38,3.0702051047724,24.152748694838
40860,105,988,976,265,50,9,1736331,724,990,1965,24,4.7715410866907,23.346103640744
40856,105,970,999,278,54,9,1545989,643,974,2369,16,9.1709303167414,21.37643446655
40909,105,984,890,264,60,10,1489234,632,986,1880,29,6.1821281203602,23.821501867181
40878,104,984,836,259,60,10,1442142,560,990,1906,30,22.903655707477,24.976234369008
40806,104,977,1033,281,60,10,1785148,666,981,1887,11,20.874260269877,22.940872215231
40848,104,960,1039,278,56,9,1598176,680,962,2402,14,6.6246588564361,22.714814292776
40872,104,975,970,273,54,9,1536735,649,977,2061,18,2.7174935749941,24.578257263951
40842,103,982,945,272,60,9,1549673,616,985,1913,14,22.94278604534,23.560302256201
40902,103,976,950,273,54,9,1718427,632,981,1640,25,7.8977818162989,21.577575484129
40814,102,960,1112,269,60,10,1527940,700,962,2215,16,2.6437309325763,21.114800628365
40883,102,975,872,264,60,10,1550328,549,979,1705,22,4.8439556692311,26.298154898848
40899,102,981,887,272,49,8,1508277,563,984,1896,27,3.2478133520448,22.306966199393
40905,100,976,880,265,55,10,1516802,658,976,1806,30,38.388834600945,23.306011728474
40926,100,981,845,260,56,9,1355579,524,982,1682,51,3.9732429603438,25.760850061348
40844,100,976,1044,269,57,10,1681799,621,976,1720,18,7.2651609837577,24.425128835841
40892,99,972,925,267,49,9,1584629,626,0,1807,38,7.3569343149423,22.022152890257
40895,99,977,935,267,48,8,1475213,545,0,1706,27,4.4936677484952,21.689505331539
40894,99,971,863,244,51,9,1464870,584,0,1805,24,6.1607883472239,20.880297459883
40821,99,966,1058,261,51,9,1815474,530,0,1802,13,10.54017553314,20.554308433402
40868,99,966,1008,252,48,9,1504663,613,0,1879,17,5.5846140438215,21.748482387176
40934,98,980,849,263,42,8,1324410,532,0,1640,51,2.5262604633275,24.083420279026
40885,98,989,918,267,54,9,1455713,515,0,2072,40,4.8856301199461,23.007992823975
40918,98,990,826,263,51,8,1340962,452,0,1786,72,11.969795901826,28.314601254882
40850,97,978,977,257,54,9,1462984,653,0,1946,18,2.9177709057539,21.538265521167
40908,97,980,828,245,48,8,1502103,554,0,2035,46,2.0222416085816,22.49178057956
40882,96,986,868,243,37,6,1323633,507,0,1723,17,5.334442545724,23.837238461295
40846,96,979,968,256,51,8,1604532,545,0,1836,12,2.3447027656438,22.961991181034
40901,95,971,837,248,49,8,1350616,546,0,1591,31,1.7675972018701,21.463180958675
40931,95,983,836,249,52,9,1336746,495,0,1566,52,3.6530549784167,25.24429067064
40829,93,964,1051,247,52,9,1574047,585,0,1888,11,5.9522589769644,22.204544687106
40940,93,985,811,244,44,8,1311331,471,0,1666,36,5.9539882630509,22.901065689151
40845,93,974,969,241,53,9,1613169,616,0,1667,12,4.9492763061814,22.590729252954
40942,93,981,837,248,54,9,1303944,462,0,1937,44,5.6420009494299,21.389912989492
40811,93,961,946,236,54,9,1395406,615,0,2454,9,4.0040359543356,23.850168260481
40893,93,975,825,238,54,9,1517595,537,0,1662,25,2.5413811772796,21.397486663907
40891,92,984,800,227,46,8,1501276,524,0,1383,30,74.570848810355,21.893243156993
40884,91,969,898,230,52,9,1272663,508,0,2299,15,6.39821481263,22.055502879684
40946,91,983,763,242,49,8,1424351,405,0,1657,51,10.657194718902,23.050258159046
40896,90,978,813,240,54,9,1411284,507,0,2043,28,3.2544019434564,26.901680014217
40854,90,951,946,232,54,9,1396800,534,0,1880,6,8.9382871450268,24.882622909185
40913,89,982,753,233,46,9,1388652,459,0,1838,54,1.6230274106511,21.742505480351
40930,89,988,774,237,52,9,1447664,469,0,1664,60,8.188442639451,22.709515580996
40886,89,984,827,238,48,9,1270046,527,0,2063,47,5.4254048738031,21.105515869556
40921,87,988,693,222,48,8,1159420,440,0,1810,51,2.0878754796413,22.302215220107
40903,86,978,808,218,40,7,1278623,468,0,1554,21,18.037321343395,21.685078358625
40867,86,966,887,228,42,7,1452267,631,0,1720,20,1.7832299083885,21.408862569585
40945,85,993,692,226,48,8,1266371,401,0,1611,70,5.6856785503327,22.266637899271
40936,85,986,746,224,38,6,1107643,425,0,1614,37,2.1016076602164,21.660292238253
40923,83,989,689,217,36,7,1152263,438,0,1453,67,42.596708205959,29.683323768784
40916,83,975,749,218,42,7,1135326,466,0,1728,18,17.935650965672,24.331141390883
40924,82,900,685,209,38,6,1259484,431,0,1225,31,19.826148738749,18.820217929422
40927,82,984,654,202,38,7,1249488,470,0,1402,53,74.576511922286,22.868614986892
40920,81,981,744,216,48,8,1306446,516,0,1688,26,5.4534466869675,22.700337868614
40915,80,993,662,210,39,6,1073535,359,0,1447,66,2.1611776067894,22.454228090929
40939,79,986,669,208,36,6,1219039,405,0,1229,70,3.3619012771397,20.163418002314
40881,78,977,804,211,42,7,1246510,486,0,1435,20,3.2818950709162,20.226000859157
40938,78,986,688,205,40,6,1178922,384,0,1814,45,9.9936472982458,21.358436912623
40925,77,995,648,206,42,7,1193466,351,0,1695,82,27.986435800082,28.765142379938
40941,77,986,656,201,42,7,1086202,373,0,1463,57,38.383158228627,22.390749682495
40929,76,985,634,195,42,7,1037498,314,0,1538,62,1.072454381939,21.960380313494
40933,76,995,688,207,36,6,1249546,360,0,1487,51,2.1603523552731,21.820691768039
40937,76,996,587,186,40,7,1024750,337,0,1263,80,5.679298872952,21.526009997202
40919,75,993,614,194,42,7,1030518,350,0,1575,70,4.1280728164574,22.072478832024
40911,72,992,609,193,42,7,1129138,365,0,1397,62,4.3543172729779,21.468083835205
40928,71,981,598,190,33,5,978436,331,0,1533,63,2.3059488510994,17.966782827717
40922,71,980,589,188,36,6,939384,292,0,1509,63,7.9820173817283,21.253295209765
40935,70,998,557,185,39,7,1025657,273,0,1366,121,0.88320728894071,21.371173975043
40932,69,998,566,180,41,7,1058462,290,0,1637,75,1.0043540199692,21.356305600427
40960,65,1045,484,156,36,6,829375,242,0,1069,103,19.833870145634,22.51858079683
40976,62,994,495,163,36,6,869038,285,0,1324,123,1.962152273389,22.166043235224
40914,61,993,500,160,36,6,884021,262,0,1377,92,22.926795894545,33.744677842466
40956,61,996,487,157,27,6,728664,276,0,1354,101,7.3129676325766,23.785587978385
40962,57,984,460,150,30,5,936080,226,0,1020,110,7.293297629571,22.683482365691
40944,56,988,455,149,27,4,812043,211,0,1174,116,1.7730683918255,20.62557996544
40978,53,1000,420,138,30,5,700870,224,0,1276,149,2.3409597042462,21.168785640176
40948,49,994,391,130,29,5,678254,196,0,1146,136,6.731859211203,21.702430774409
40952,48,989,399,130,18,3,657217,148,0,1094,133,2.8693548758445,21.521655024021
40949,46,994,338,112,22,3,647644,152,0,976,151,9.9782904456408,21.715048276318
40967,45,994,371,122,18,3,605013,125,0,826,157,2.3654203570272,20.385302094729
40972,41,1002,318,106,20,3,603173,116,0,946,175,2.8595369695178,23.082178790723
40979,40,999,261,84,24,4,442925,143,0,1002,167,15.691670179419,24.320644830295
40953,35,1018,291,95,18,3,455475,116,0,1175,170,2.5982228080583,21.257128439561
40966,34,1005,272,90,18,3,422159,82,0,1037,180,6.1392667571442,20.487631620981
40970,21,998,172,56,12,2,321527,37,0,706,202,2.9485301451261,20.305695129205
40982,19,993,130,40,7,1,281992,48,0,540,216,9.0748119463932,21.604726446153
40954,15,1002,130,41,6,1,186032,29,0,541,219,1.3081566551173,21.64933767431
40969,11,1006,89,26,6,1,244300,23,0,302,223,6.8953078096681,21.283609766549
40974,5,1005,48,15,0,0,79365,1,0,203,222,4.0035211504441,17.58742078099
40985,0,300,0,0,0,0,0,0,0,0,0,0,0
41007,0,1,0,0,0,0,0,0,0,0,0,0,0
40992,0,486,0,0,0,0,0,0,0,0,0,0,0
41015,0,264,0,0,0,0,0,0,0,0,0,0,0
40994,0,1,0,0,0,0,0,0,0,0,0,0,0
41002,0,239,0,0,0,0,0,0,0,0,0,0,0
41012,0,482,0,0,0,0,0,0,0,0,0,0,0
41001,0,0,0,0,0,0,0,0,0,0,0,0,0
40986,0,1,0,0,0,0,0,0,0,0,0,0,0
41000,0,1,0,0,0,0,0,0,0,0,0,0,0
41014,0,435,0,0,0,0,0,0,0,0,0,0,0
40950,0,609,0,0,0,0,0,0,0,0,0,0,0
41018,0,124,0,0,0,0,0,0,0,0,0,0,0
41009,0,1,0,0,0,0,0,0,0,0,0,0,0
41005,0,107,0,0,0,0,0,0,0,0,0,0,0
40989,0,270,0,0,0,0,0,0,0,0,0,0,0
41006,0,179,0,0,0,0,0,0,0,0,0,0,0
41017,0,0,0,0,0,0,0,0,0,0,0,0,0
40996,0,511,0,0,0,0,0,0,0,0,0,0,0
41011,0,2,0,0,0,0,0,0,0,0,0,0,0
41008,0,306,0,0,0,0,0,0,0,0,0,0,0
41004,0,1,0,0,0,0,0,0,0,0,0,0,0
41010,0,52,0,0,0,0,0,0,0,0,0,0,0
40987,0,1,0,0,0,0,0,0,0,0,0,0,0
40988,0,408,0,0,0,0,0,0,0,0,0,0,0
40975,0,834,0,0,0,0,0,0,0,0,0,0,0
40963,0,950,0,0,0,0,0,0,0,0,0,0,0
41003,0,348,0,0,0,0,0,0,0,0,0,0,0
40958,0,757,0,0,0,0,0,0,0,0,0,0,0
40984,0,411,0,0,0,0,0,0,0,0,0,0,0
40965,0,883,0,0,0,0,0,0,0,0,0,0,0
40980,0,479,0,0,0,0,0,0,0,0,0,0,0
40947,0,827,0,0,0,0,0,0,0,0,0,0,0
41016,0,1,0,0,0,0,0,0,0,0,0,0,0
40964,0,922,0,0,0,0,0,0,0,0,0,0,0
40983,0,1,0,0,0,0,0,0,0,0,0,0,0
40955,0,751,0,0,0,0,0,0,0,0,0,0,0
40959,0,993,0,0,0,0,0,0,0,0,0,0,0
40961,0,833,0,0,0,0,0,0,0,0,0,0,0
40957,0,923,0,0,0,0,0,0,0,0,0,0,0
40993,0,1,0,0,0,0,0,0,0,0,0,0,0
40968,0,702,0,0,0,0,0,0,0,0,0,0,0
40971,0,630,0,0,0,0,0,0,0,0,0,0,0
40973,0,729,0,0,0,0,0,0,0,0,0,0,0
40981,0,912,0,0,0,0,0,0,0,0,0,0,0
40998,0,522,0,0,0,0,0,0,0,0,0,0,0
40999,0,0,0,0,0,0,0,0,0,0,0,0,0
40977,0,915,0,0,0,0,0,0,0,0,0,0,0
40997,0,1,0,0,0,0,0,0,0,0,0,0,0
40995,0,1,0,0,0,0,0,0,0,0,0,0,0
40951,0,940,0,0,0,0,0,0,0,0,0,0,0
40990,0,120,0,0,0,0,0,0,0,0,0,0,0
41013,0,1,0,0,0,0,0,0,0,0,0,0,0
40991,0,0,0,0,0,0,0,0,0,0,0,0,0
